Algorithm: Floyd-Warshall
Distance matrix:
0 117 122 99 -43 103 79 58 129 114 10 86 9 -12 97 -22 38 -3 -5 38 121 0 135 79 -30 22 45 16 22 69 52 -31 60 47 110 60 -5 83 -22 32 79 -7 134 -31 78 94 58 -47 97 61 119 64 101 -17 0 62 6 -4 -40 41 -30 -20 10 52 74 20 16 9 91 22 142 -1 105 -4 48 82 96 92 41 -31 -51 -18 -45 10 118 -53 137 81 142 78 95 -44 -43 49 -34 32 -16 40 70 -6 
-108 0 7 -15 -158 -7 -32 -57 16 4 -100 -27 -103 -126 -12 -136 -73 -116 -115 -76 7 -110 23 -32 -145 -89 -68 -97 -94 -43 -61 -143 -52 -64 -5 -54 -116 -29 -133 -81 -30 -119 24 -141 -33 -15 -54 -159 -11 -51 5 -45 -8 -128 -111 -46 -105 -120 -149 -73 -140 -133 -102 -56 -37 -92 -95 -102 -20 -87 33 -112 -4 -113 -65 -27 -16 -18 -68 -140 -162 -131 -155 -101 5 -165 24 -27 29 -35 -17 -157 -155 -62 -145 -80 -126 -73 -42 -118 
-113 1 0 -21 -162 -14 -37 -64 12 -3 -107 -34 -110 -132 -19 -140 -77 -121 -122 -80 5 -117 19 -36 -147 -94 -71 -101 -96 -50 -64 -148 -59 -70 -9 -54 -122 -34 -140 -85 -36 -122 18 -148 -38 -21 -59 -164 -18 -58 -2 -51 -14 -133 -118 -51 -109 -123 -156 -74 -145 -140 -108 -62 -41 -96 -102 -107 -24 -93 26 -117 -10 -119 -70 -33 -21 -23 -75 -146 -167 -138 -160 -105 1 -169 19 -33 24 -40 -22 -161 -160 -66 -152 -84 -132 -77 -47 -125 
-90 25 28 0 -137 8 -13 -36 35 22 -82 -9 -83 -107 6 -115 -53 -97 -100 -55 27 -94 42 -13 -122 -71 -46 -79 -72 -24 -41 -124 -33 -43 14 -31 -100 -9 -118 -60 -12 -98 43 -123 -13 4 -32 -139 7 -33 25 -29 8 -110 -92 -28 -86 -98 -131 -52 -122 -115 -83 -38 -18 -73 -80 -85 -1 -69 51 -91 15 -94 -44 -8 0 1 -51 -121 -144 -113 -135 -81 26 -147 45 -10 46 -14 3 -139 -135 -43 -130 -61 -110 -55 -25 -102 
52 167 171 143 0 151 128 106 178 163 59 134 58 36 146 28 86 46 43 87 170 49 185 129 21 69 95 63 71 117 99 17 110 96 156 112 42 134 25 81 130 41 185 20 128 146 107 3 149 110 168 114 151 30 50 114 53 44 11 91 20 28 60 104 124 69 63 56 140 73 192 50 157 48 95 134 143 142 92 21 -2 30 7 61 165 -4 187 133 189 128 144 3 7 99 13 79 32 88 117 41 
-95 17 23 -2 -145 0 -21 -41 28 15 -88 -12 -91 -114 -2 -123 -61 -105 -108 -63 22 -98 35 -21 -130 -79 -53 -84 -77 -31 -49 -132 -39 -50 7 -39 -108 -15 -121 -66 -20 -106 36 -128 -21 -4 -40 -147 0 -38 19 -37 0 -118 -100 -35 -93 -103 -138 -58 -129 -119 -90 -45 -26 -80 -83 -92 -8 -77 43 -99 10 -100 -52 -15 -6 -7 -59 -128 -150 -117 -142 -89 19 -153 37 -18 42 -22 -4 -147 -141 -51 -133 -68 -118 -57 -33 -109 
-69 45 52 27 -116 32 0 -13 56 40 -60 15 -63 -84 27 -97 -33 -75 -76 -37 49 -70 63 8 -103 -50 -26 -57 -49 -3 -20 -103 -13 -24 34 -10 -77 11 -94 -39 9 -78 63 -104 8 24 -13 -120 26 -11 46 -6 31 -89 -73 -8 -66 -76 -111 -31 -100 -92 -62 -18 2 -53 -56 -63 19 -48 70 -71 36 -74 -24 13 20 21 -30 -102 -122 -89 -116 -61 46 -127 65 11 70 6 23 -117 -115 -21 -106 -41 -88 -36 -2 -81 
-45 66 71 47 -94 52 27 0 76 63 -39 34 -44 -64 45 -73 -13 -57 -56 -14 69 -51 83 28 -81 -30 -7 -36 -32 14 0 -84 5 -3 56 11 -56 30 -75 -17 30 -58 82 -82 26 44 7 -99 46 10 62 15 52 -69 -54 13 -44 -59 -92 -9 -81 -72 -43 2 24 -32 -37 -43 41 -27 91 -53 56 -53 -6 33 43 42 -11 -81 -103 -70 -95 -41 68 -104 83 32 88 24 42 -97 -96 -2 -87 -19 -66 -11 17 -59 
-118 -5 -2 -26 -167 -20 -45 -66 0 -10 -114 -39 -113 -137 -25 -144 -86 -129 -128 -85 -3 -124 7 -43 -152 -102 -76 -112 -102 -54 -72 -156 -63 -78 -15 -62 -128 -39 -148 -92 -42 -131 11 -153 -46 -28 -67 -170 -23 -63 -6 -57 -20 -141 -123 -57 -115 -129 -162 -82 -155 -145 -113 -67 -52 -108 -108 -115 -31 -99 20 -123 -16 -126 -77 -39 -26 -30 -80 -152 -174 -143 -168 -114 -6 -175 14 -41 18 -45 -32 -173 -166 -73 -158 -91 -138 -82 -53 -130 
-105 7 14 -12 -155 -5 -30 -50 18 0 -97 -23 -101 -123 -11 -133 -69 -113 -113 -73 13 -107 25 -30 -142 -87 -65 -94 -87 -41 -57 -141 -50 -60 -2 -48 -115 -26 -131 -75 -31 -116 26 -142 -30 -12 -50 -158 -10 -49 9 -44 -7 -126 -109 -43 -103 -114 -148 -68 -139 -129 -100 -54 -35 -90 -93 -101 -17 -86 32 -108 0 -110 -61 -24 -15 -17 -70 -142 -161 -128 -152 -97 9 -164 28 -25 33 -31 -16 -155 -152 -58 -143 -77 -127 -71 -40 -119 
-1 111 117 92 -51 97 72 49 122 104 0 80 3 -19 91 -29 31 -10 -11 31 113 -10 129 71 -38 16 39 8 12 62 44 -39 53 43 102 56 -11 75 -28 22 73 -14 126 -38 74 90 52 -54 93 55 111 60 97 -23 -6 58 1 -14 -47 35 -36 -28 1 48 68 13 10 0 84 18 136 -7 101 -8 40 77 88 86 34 -38 -60 -24 -49 3 108 -60 131 77 136 72 87 -51 -51 41 -40 25 -23 33 62 -15 
-79 35 37 13 -128 20 -2 -27 46 31 -73 0 -73 -98 15 -103 -42 -85 -88 -43 40 -83 53 -2 -113 -59 -37 -67 -61 -15 -30 -113 -22 -34 25 -20 -88 2 -106 -51 -2 -88 53 -114 -3 13 -23 -130 18 -24 34 -17 20 -98 -82 -17 -75 -87 -121 -40 -110 -106 -74 -28 -7 -62 -68 -73 10 -59 60 -82 24 -85 -33 1 13 11 -40 -112 -133 -104 -126 -70 35 -135 56 2 58 -3 13 -127 -125 -32 -118 -50 -98 -43 -13 -91 
2 114 118 96 -47 101 77 54 126 112 10 83 0 -15 93 -26 36 -5 -7 34 117 0 131 78 -34 20 42 12 16 62 49 -34 58 46 106 56 -7 82 -24 29 78 -9 132 -35 77 92 55 -50 97 58 116 63 100 -19 -3 63 6 -10 -42 40 -32 -23 7 53 70 16 14 7 90 21 139 -3 107 -6 46 84 93 88 38 -31 -51 -21 -45 8 115 -54 135 77 138 76 91 -49 -48 48 -40 31 -17 36 68 -8 
23 135 142 116 -27 122 97 76 147 134 31 105 28 0 115 -5 59 17 14 55 140 20 154 100 -14 39 63 34 39 85 69 -13 80 68 126 78 13 102 -4 51 99 10 154 -11 96 115 77 -32 118 79 137 82 119 0 18 85 26 13 -20 59 -10 -2 27 74 93 38 34 26 109 40 160 21 127 18 66 104 115 112 62 -10 -31 1 -24 31 137 -34 156 104 160 98 113 -28 -25 70 -16 51 3 60 88 13 
-88 23 29 5 -136 10 -14 -36 35 22 -81 -8 -82 -106 0 -116 -54 -98 -98 -56 28 -92 42 -14 -123 -71 -46 -77 -71 -24 -40 -125 -32 -46 15 -32 -98 -7 -116 -59 -13 -99 43 -123 -16 2 -38 -140 6 -33 25 -30 7 -108 -92 -27 -85 -100 -131 -53 -125 -114 -84 -38 -19 -77 -78 -86 -3 -72 48 -94 16 -93 -47 -8 3 0 -50 -122 -144 -112 -135 -82 26 -145 42 -11 47 -17 -2 -140 -134 -44 -128 -61 -108 -52 -23 -99 
28 144 149 124 -19 129 106 85 156 142 38 112 35 13 124 0 64 24 21 60 147 28 163 107 -6 47 71 42 48 94 77 -5 88 73 134 87 21 110 4 60 107 19 161 -3 105 122 84 -23 125 88 144 91 128 8 25 90 34 22 -13 68 -2 6 37 80 99 44 42 34 116 49 169 27 133 24 74 110 121 120 69 -3 -23 8 -19 36 146 -26 165 109 168 106 122 -18 -16 77 -8 58 11 68 96 20 
-29 83 89 65 -78 68 44 25 94 80 -23 52 -26 -47 64 -55 0 -37 -40 1 85 -33 101 45 -63 -15 11 -20 -13 33 15 -67 26 14 73 27 -40 49 -56 -4 46 -45 101 -64 45 61 24 -83 65 27 85 31 68 -54 -34 30 -28 -39 -73 8 -62 -55 -25 20 40 -14 -17 -28 56 -11 108 -34 72 -37 11 49 61 60 8 -64 -86 -52 -78 -23 82 -87 103 49 109 45 61 -79 -77 15 -67 -3 -50 7 35 -41 
13 124 131 105 -35 112 84 67 136 123 20 95 16 -3 106 -13 47 0 4 47 127 9 143 89 -21 28 54 24 30 77 59 -27 66 57 117 70 4 91 -15 42 88 2 142 -22 87 104 68 -38 106 68 125 74 111 -9 6 73 15 4 -32 51 -21 -12 17 62 84 28 23 17 101 32 149 8 115 6 55 92 104 102 50 -21 -42 -12 -35 19 127 -44 144 92 149 85 103 -37 -35 59 -27 41 -6 48 76 1 
15 127 133 108 -33 113 87 69 139 123 23 96 19 -2 108 -13 47 3 0 46 130 12 146 87 -19 31 57 26 32 78 62 -24 69 59 118 69 5 94 -12 42 90 2 144 -19 89 107 70 -39 109 71 128 75 112 -7 9 76 18 6 -29 52 -18 -10 20 65 85 29 26 19 102 33 152 11 118 9 57 93 104 104 49 -19 -40 -9 -33 19 127 -43 147 95 152 88 106 -34 -32 57 -24 42 -5 51 79 4 
-27 84 89 64 -79 69 46 25 96 83 -21 52 -23 -46 64 -55 4 -36 -39 0 87 -31 103 48 -62 -11 14 -18 -12 34 19 -64 29 13 76 27 -39 53 -55 0 48 -41 101 -62 45 64 24 -83 67 28 86 31 68 -50 -31 34 -26 -38 -70 8 -61 -54 -23 22 39 -13 -17 -24 58 -11 109 -31 75 -34 14 50 63 60 10 -61 -83 -52 -79 -24 86 -84 105 49 109 47 62 -78 -76 18 -67 -2 -49 9 36 -40 
-110 2 7 -19 -162 -14 -36 -57 9 -1 -105 -30 -109 -128 -17 -137 -80 -120 -122 -79 0 -117 16 -35 -145 -95 -70 -103 -96 -50 -68 -147 -54 -69 -7 -54 -122 -32 -139 -84 -34 -125 17 -145 -37 -19 -59 -164 -15 -54 2 -51 -14 -134 -114 -50 -109 -122 -154 -74 -146 -136 -105 -60 -43 -99 -99 -108 -24 -92 27 -114 -8 -117 -69 -31 -21 -21 -73 -144 -167 -134 -159 -108 2 -170 23 -32 26 -36 -23 -164 -160 -65 -149 -83 -132 -75 -47 -123 
10 121 127 103 -39 107 82 60 132 118 17 90 14 -9 101 -18 42 0 -1 42 123 0 139 85 -25 26 51 19 22 73 55 -29 64 53 113 66 -1 89 -18 38 85 -3 137 -26 84 100 62 -42 103 65 122 70 107 -12 4 68 11 -4 -37 47 -24 -16 14 58 80 24 20 10 94 28 146 3 114 5 52 91 99 98 46 -26 -50 -14 -37 14 123 -48 142 87 146 83 99 -41 -37 55 -30 35 -13 43 74 -2 
-125 -12 -9 -33 -174 -27 -52 -73 -5 -15 -119 -46 -120 -144 -32 -151 -91 -136 -135 -91 -9 -129 0 -50 -159 -108 -83 -119 -107 -61 -77 -163 -70 -85 -22 -69 -135 -45 -155 -98 -48 -136 5 -160 -53 -35 -74 -176 -30 -70 -13 -64 -27 -146 -130 -64 -122 -136 -169 -89 -160 -152 -120 -74 -57 -113 -115 -122 -38 -105 13 -130 -22 -133 -84 -46 -33 -36 -87 -159 -181 -150 -175 -119 -12 -182 7 -46 11 -51 -37 -178 -171 -80 -165 -98 -145 -89 -60 -137 
-68 44 48 24 -119 28 6 -16 54 41 -62 11 -64 -87 23 -96 -35 -78 -80 -38 45 -72 60 0 -106 -51 -29 -61 -52 -6 -23 -105 -13 -28 34 -14 -80 9 -97 -44 3 -85 61 -103 4 22 -17 -123 25 -13 45 -9 28 -90 -74 -10 -66 -79 -113 -32 -104 -95 -65 -20 -1 -56 -58 -66 18 -51 69 -73 35 -76 -28 6 22 17 -33 -103 -126 -93 -120 -63 40 -128 62 9 68 6 19 -119 -117 -25 -108 -45 -90 -36 -5 -81 
39 154 158 130 -13 138 113 93 164 150 46 121 45 19 133 14 73 32 30 73 155 36 169 115 0 56 77 49 58 104 86 2 95 83 140 97 29 116 12 67 116 28 171 6 115 131 92 -13 135 96 154 101 138 17 35 100 40 30 -3 74 5 15 46 90 109 56 50 43 127 59 179 37 144 35 81 121 129 129 79 7 -16 17 -7 47 152 -20 173 119 176 114 128 -10 -10 85 0 65 19 74 103 28 
-14 101 107 82 -60 87 62 40 114 97 -7 70 -11 -28 82 -37 24 -20 -21 21 105 -17 120 64 -45 0 26 -3 4 50 32 -49 44 33 92 45 -21 68 -39 15 65 -23 119 -46 63 80 41 -63 83 45 102 50 87 -36 -16 48 -13 -22 -55 26 -46 -37 -6 38 59 5 1 -10 74 8 126 -16 91 -18 30 68 79 77 27 -45 -68 -34 -59 -4 99 -70 122 66 126 63 79 -61 -60 34 -51 13 -31 25 54 -22 
-34 78 82 56 -83 64 36 18 88 76 -27 47 -32 -51 58 -61 -1 -44 -44 -2 79 -39 95 41 -70 -20 0 -24 -18 29 11 -75 18 9 69 22 -44 43 -63 -8 41 -49 94 -69 39 55 15 -87 58 23 77 26 64 -57 -42 25 -33 -47 -80 2 -70 -59 -29 14 36 -20 -25 -32 52 -15 104 -40 68 -41 7 45 56 54 2 -69 -92 -60 -82 -29 78 -92 96 43 101 37 53 -85 -83 11 -75 -7 -54 0 28 -47 
-4 109 112 88 -53 92 71 48 120 106 2 75 1 -23 87 -32 29 -13 -16 28 112 -9 126 71 -40 13 37 0 13 60 43 -40 52 36 99 50 -16 75 -36 22 72 -16 126 -39 68 87 47 -55 90 51 106 55 92 -26 -8 57 -2 -15 -47 30 -38 -31 1 45 65 10 5 0 83 14 134 -7 99 -10 37 73 86 83 33 -38 -60 -29 -56 1 108 -61 126 74 131 70 85 -55 -51 41 -45 21 -26 32 59 -17 
-10 103 106 82 -61 87 65 40 110 99 -5 69 -8 -30 83 -36 21 -19 -21 22 101 -16 117 65 -45 6 31 -3 0 51 33 -46 45 32 94 46 -21 69 -39 17 66 -24 118 -45 64 80 40 -63 83 45 102 50 87 -33 -16 48 -8 -26 -54 27 -45 -37 -5 38 58 2 1 -7 77 9 128 -14 93 -17 32 70 80 78 27 -45 -66 -35 -59 -7 102 -69 123 67 127 64 78 -63 -59 35 -49 18 -31 21 54 -22 
-59 52 59 36 -107 40 15 -6 64 51 -52 23 -57 -76 35 -84 -25 -66 -68 -24 55 -62 71 17 -93 -41 -20 -49 -46 0 -13 -96 -4 -14 47 -2 -68 21 -85 -30 16 -71 72 -94 17 33 -6 -109 35 -4 54 3 40 -79 -63 2 -54 -72 -101 -21 -93 -84 -55 -9 10 -44 -46 -53 31 -38 77 -62 45 -64 -15 22 34 30 -20 -91 -112 -81 -105 -53 56 -115 74 20 76 15 30 -111 -110 -13 -97 -28 -78 -25 7 -69 
-41 70 76 52 -91 58 33 12 82 67 -34 41 -39 -58 53 -66 -7 -49 -52 -11 73 -44 89 35 -77 -23 -2 -31 -28 18 0 -78 14 2 63 16 -50 39 -68 -12 34 -53 90 -76 34 49 9 -94 53 14 72 20 57 -61 -45 20 -38 -54 -83 -4 -76 -66 -37 9 28 -26 -29 -35 45 -22 95 -44 63 -46 3 39 51 48 -3 -75 -94 -63 -90 -35 74 -97 92 37 94 33 47 -93 -92 5 -79 -13 -61 -7 25 -52 
41 153 159 132 -8 140 111 94 163 151 48 122 43 24 133 14 74 31 32 74 154 36 170 116 7 55 81 51 57 104 86 0 93 85 144 98 32 118 12 70 116 29 169 6 114 131 95 -11 133 98 152 102 139 18 33 100 42 31 -5 78 7 16 48 89 111 55 50 44 128 60 180 35 143 34 82 120 131 129 77 6 -15 15 -7 46 154 -17 171 119 176 112 130 -10 -8 86 0 68 21 75 103 28 
-50 61 66 42 -99 47 22 1 74 59 -44 29 -49 -69 40 -76 -17 -62 -61 -19 65 -56 80 23 -85 -35 -11 -41 -35 13 -5 -89 0 -8 51 6 -61 25 -80 -22 25 -62 77 -86 21 40 2 -104 43 5 60 10 47 -74 -59 8 -49 -61 -97 -14 -86 -77 -45 -2 20 -37 -42 -48 36 -32 87 -58 51 -58 -11 28 38 38 -16 -86 -108 -75 -99 -45 63 -109 78 27 83 19 37 -101 -101 -7 -92 -24 -71 -15 12 -62 
-40 74 76 52 -89 58 36 12 85 70 -34 39 -34 -59 54 -65 -5 -47 -50 -5 77 -44 92 35 -74 -21 2 -29 -22 24 9 -75 17 0 63 18 -50 41 -68 -12 37 -50 91 -75 32 51 11 -91 57 15 73 21 58 -60 -43 22 -37 -51 -83 -2 -74 -67 -35 11 32 -23 -30 -36 48 -20 99 -43 63 -46 1 40 52 50 -2 -74 -96 -65 -87 -33 74 -97 92 39 96 36 49 -89 -86 5 -80 -12 -60 -4 25 -52 
-101 14 20 -5 -147 0 -25 -47 24 10 -94 -17 -95 -117 -5 -124 -65 -108 -110 -65 15 -104 31 -24 -132 -84 -58 -91 -82 -36 -54 -136 -43 -55 0 -42 -108 -22 -127 -73 -22 -110 31 -132 -24 -7 -45 -152 -4 -42 15 -38 -1 -123 -103 -39 -100 -109 -143 -64 -133 -124 -94 -49 -31 -84 -88 -97 -13 -80 39 -103 4 -105 -58 -19 -9 -9 -61 -132 -156 -121 -147 -93 12 -160 35 -20 38 -24 -10 -149 -148 -54 -138 -75 -121 -62 -35 -109 
-54 62 64 40 -101 47 24 0 71 58 -46 27 -47 -71 42 -82 -18 -60 -61 -22 62 -56 78 22 -88 -35 -11 -41 -37 11 -6 -87 2 -9 52 0 -61 26 -79 -27 25 -65 79 -87 23 40 2 -105 43 3 61 9 46 -74 -57 8 -48 -63 -95 -14 -85 -79 -48 -2 17 -38 -41 -48 34 -33 87 -56 51 -58 -9 28 39 37 -14 -85 -106 -77 -101 -46 59 -109 80 27 85 21 38 -102 -100 -8 -91 -24 -71 -16 13 -64 
15 125 132 106 -34 113 88 67 138 124 20 96 17 -6 106 -13 48 5 2 47 131 10 145 87 -21 29 55 25 31 77 59 -23 69 59 116 71 0 93 -13 42 88 2 144 -20 87 105 68 -38 108 70 127 73 110 -10 8 73 16 5 -30 50 -21 -11 19 63 82 29 25 16 100 31 151 9 118 9 56 93 102 102 51 -20 -41 -8 -33 20 127 -45 145 92 150 86 104 -39 -33 59 -25 41 -10 51 75 4 
-74 39 43 19 -122 25 0 -21 51 35 -67 6 -70 -92 19 -100 -41 -83 -83 -40 42 -77 57 -1 -109 -59 -36 -64 -57 -11 -29 -111 -20 -32 27 -18 -84 0 -101 -46 0 -86 55 -108 0 18 -22 -126 21 -18 39 -12 25 -98 -80 -14 -73 -85 -119 -38 -111 -100 -68 -24 -5 -59 -63 -72 12 -54 64 -79 29 -80 -35 5 13 14 -36 -108 -132 -98 -121 -69 39 -134 57 3 62 -2 12 -126 -126 -31 -113 -48 -95 -38 -13 -85 
33 145 151 127 -14 132 107 86 157 143 41 114 39 16 125 6 67 27 24 66 150 27 164 107 -1 51 75 42 49 97 82 -4 89 75 136 91 24 111 0 58 109 22 164 -2 106 125 86 -19 128 88 146 92 129 13 29 95 36 23 -10 66 0 8 37 84 103 48 41 36 119 50 170 30 137 28 74 113 124 121 71 0 -23 10 -14 39 144 -24 166 114 167 108 123 -16 -15 77 -9 61 14 69 98 23 
-21 91 95 72 -70 77 53 30 101 85 -16 59 -18 -39 71 -48 9 -31 -31 10 92 -26 107 49 -57 -6 17 -12 -4 42 24 -58 31 21 80 35 -32 53 -49 0 52 -36 106 -57 52 68 31 -75 72 35 89 38 75 -45 -28 39 -20 -32 -66 13 -58 -50 -21 28 46 -9 -11 -19 65 -4 116 -27 79 -30 18 55 66 64 13 -57 -79 -45 -71 -19 86 -82 109 56 114 50 65 -73 -73 19 -61 4 -43 13 40 -34 
-70 43 47 21 -122 27 4 -19 52 41 -63 10 -67 -90 21 -97 -38 -79 -81 -39 45 -74 57 5 -109 -54 -32 -62 -54 -8 -24 -107 -15 -29 31 -15 -81 7 -98 -43 0 -83 59 -105 3 19 -18 -124 24 -14 42 -10 27 -93 -77 -10 -69 -80 -115 -35 -104 -96 -64 -22 -4 -56 -60 -67 17 -52 68 -76 33 -79 -28 8 19 14 -36 -104 -125 -94 -121 -66 43 -129 59 8 66 4 19 -121 -119 -25 -110 -44 -91 -35 -6 -82 
18 129 135 111 -32 113 91 70 139 126 25 99 21 -1 109 -10 50 8 5 47 130 13 146 90 -17 34 58 25 33 79 62 -19 72 60 120 72 5 94 -11 41 93 0 147 -18 90 107 71 -38 110 73 130 76 113 -5 13 75 19 7 -25 53 -17 -10 20 65 86 31 28 21 103 34 154 14 120 11 59 95 107 105 54 -18 -38 -5 -32 22 127 -41 150 94 154 91 106 -34 -32 60 -22 45 -5 53 80 4 
-121 -8 -3 -31 -170 -23 -49 -67 1 -15 -114 -40 -117 -138 -29 -148 -91 -130 -131 -90 -8 -126 8 -51 -157 -106 -80 -112 -104 -58 -76 -158 -66 -79 -19 -65 -131 -42 -153 -95 -48 -136 0 -157 -47 -30 -69 -174 -26 -65 -9 -62 -24 -145 -126 -61 -119 -131 -164 -87 -155 -146 -116 -72 -52 -109 -112 -119 -35 -103 17 -126 -19 -128 -80 -45 -31 -34 -85 -157 -177 -148 -171 -119 -11 -179 8 -42 14 -49 -32 -172 -168 -81 -162 -96 -142 -87 -56 -135 
38 149 156 131 -12 137 112 92 164 148 47 121 41 20 132 12 73 32 29 72 155 37 170 114 1 56 78 50 55 102 87 1 94 84 141 94 29 117 12 67 113 28 170 0 115 130 92 -12 132 93 151 100 137 18 34 99 41 29 -4 75 6 13 42 88 109 55 51 44 128 59 174 36 142 33 82 119 130 127 77 6 -15 16 -8 45 153 -19 172 118 177 113 129 -10 -9 84 1 66 19 71 104 28 
-69 43 49 24 -119 26 5 -20 54 39 -65 13 -65 -88 24 -97 -36 -79 -82 -37 47 -76 61 4 -105 -53 -28 -61 -54 -6 -23 -106 -15 -25 32 -13 -82 10 -100 -43 5 -81 60 -106 0 20 -15 -122 25 -13 41 -11 26 -92 -74 -9 -68 -80 -114 -34 -103 -93 -64 -19 0 -55 -62 -67 17 -51 68 -74 36 -74 -30 10 20 19 -34 -106 -127 -92 -117 -64 42 -128 60 8 64 4 20 -121 -116 -26 -112 -43 -92 -35 -7 -83 
-83 27 32 8 -135 12 -11 -34 40 25 -79 -3 -81 -104 8 -111 -50 -93 -96 -52 31 -92 46 -11 -122 -69 -45 -77 -70 -21 -39 -122 -29 -41 18 -28 -98 -6 -116 -58 -10 -96 45 -120 -14 0 -35 -137 9 -28 27 -29 12 -108 -90 -26 -82 -97 -129 -50 -121 -111 -82 -36 -16 -69 -78 -83 1 -67 53 -89 18 -91 -44 -6 4 3 -49 -120 -142 -107 -133 -78 28 -143 46 -7 48 -12 3 -137 -132 -40 -128 -58 -108 -49 -23 -97 
-47 67 67 45 -98 52 28 3 75 63 -41 32 -43 -66 44 -75 -14 -56 -59 -15 66 -52 82 28 -85 -31 -8 -37 -30 16 -2 -83 8 -6 55 7 -58 31 -76 -20 30 -59 83 -82 26 40 0 -100 47 8 65 11 51 -68 -52 14 -45 -62 -90 -13 -85 -74 -42 3 21 -33 -38 -43 39 -28 92 -51 56 -54 -5 33 44 39 -11 -80 -102 -72 -94 -42 66 -105 86 28 88 27 38 -100 -95 -2 -88 -20 -68 -11 17 -59 
56 167 174 150 8 154 129 108 179 166 63 137 60 39 147 28 91 49 46 88 172 52 186 132 21 74 97 67 71 117 104 19 112 100 160 110 46 136 28 83 131 42 187 21 128 147 109 0 150 111 169 114 151 36 52 117 60 45 14 91 22 31 60 106 127 70 66 61 141 72 192 53 160 51 98 137 148 145 94 22 1 33 9 63 169 0 188 136 192 130 145 6 7 102 16 85 36 92 121 45 
-89 23 30 4 -138 9 -17 -36 33 19 -82 -7 -87 -106 4 -114 -59 -98 -100 -58 24 -94 40 -17 -125 -74 -52 -79 -73 -26 -44 -127 -36 -45 14 -32 -100 -11 -118 -63 -14 -104 38 -126 -16 -2 -37 -142 0 -33 22 -31 9 -113 -97 -30 -88 -99 -135 -52 -124 -114 -84 -44 -19 -75 -80 -87 -3 -70 48 -94 13 -97 -48 -11 2 0 -52 -124 -145 -112 -137 -87 23 -147 42 -11 46 -17 1 -140 -137 -47 -130 -62 -110 -55 -25 -100 
-55 59 66 41 -102 44 22 1 72 55 -45 30 -49 -70 42 -79 -17 -61 -64 -19 64 -55 78 23 -89 -35 -13 -41 -37 9 -6 -89 4 -8 51 4 -64 27 -81 -23 23 -62 78 -90 23 38 2 -103 42 0 58 7 44 -74 -58 7 -49 -63 -96 -15 -85 -79 -50 -3 17 -36 -41 -48 36 -33 84 -57 50 -60 -8 27 38 35 -15 -87 -106 -74 -100 -45 63 -109 80 26 85 22 39 -103 -101 -7 -91 -24 -74 -19 11 -65 
-107 6 12 -13 -155 -8 -33 -53 14 1 -100 -25 -103 -123 -13 -135 -75 -115 -116 -75 8 -110 21 -33 -142 -92 -69 -98 -90 -44 -62 -144 -52 -64 -2 -48 -117 -27 -134 -79 -30 -120 22 -142 -32 -18 -54 -158 -16 -50 0 -47 -8 -131 -113 -46 -106 -121 -151 -68 -141 -132 -101 -60 -38 -94 -96 -105 -21 -86 31 -110 -3 -113 -64 -27 -16 -17 -69 -141 -162 -129 -154 -103 6 -163 26 -27 30 -33 -18 -159 -154 -63 -146 -80 -127 -71 -42 -121 
-54 57 63 37 -106 45 20 -2 70 56 -48 28 -52 -74 38 -81 -21 -62 -63 -21 61 -59 75 20 -93 -37 -16 -44 -37 10 -7 -91 1 -11 47 1 -65 23 -83 -26 21 -66 76 -90 19 33 -2 -106 38 3 57 0 43 -76 -59 3 -53 -64 -98 -19 -89 -82 -53 -7 14 -39 -45 -50 33 -36 84 -59 47 -62 -12 24 36 32 -18 -90 -109 -76 -103 -49 59 -113 77 22 81 19 35 -104 -103 -10 -95 -28 -75 -19 10 -65 
-95 20 24 0 -143 5 -17 -41 28 18 -86 -11 -89 -111 1 -123 -59 -101 -103 -63 24 -97 35 -17 -130 -76 -53 -84 -75 -29 -46 -128 -36 -50 10 -36 -103 -14 -121 -64 -16 -104 38 -127 -21 -4 -39 -146 1 -35 20 -37 0 -115 -98 -34 -90 -101 -136 -57 -127 -119 -90 -44 -24 -80 -83 -89 -7 -74 46 -96 10 -99 -51 -13 -2 -5 -55 -127 -148 -115 -142 -87 21 -150 39 -15 43 -18 -4 -145 -140 -47 -133 -65 -113 -56 -28 -104 
25 137 143 119 -23 123 98 79 150 134 32 106 28 8 118 0 61 18 15 58 141 22 157 102 -8 39 65 35 41 87 69 -13 80 71 129 83 15 105 -1 54 101 15 156 -9 101 117 78 -27 120 81 139 86 123 0 20 85 26 15 -18 64 -7 -1 30 75 96 41 37 26 110 45 162 22 130 21 68 107 115 114 63 -8 -30 2 -21 33 138 -32 158 104 163 99 116 -24 -23 72 -13 51 5 62 90 14 
10 120 127 104 -39 108 83 63 133 119 15 91 10 -8 102 -17 43 -1 0 42 125 3 139 84 -26 24 50 18 24 72 54 -28 65 52 114 65 0 88 -21 37 84 -2 136 -27 83 99 63 -43 102 66 119 69 106 -15 0 67 11 -2 -38 45 -25 -16 15 57 79 25 17 11 95 27 147 4 110 1 53 87 100 97 45 -27 -47 -13 -40 15 123 -50 142 86 143 83 100 -40 -38 54 -33 36 -12 44 75 -2 
-57 56 60 38 -105 44 17 -4 68 53 -50 25 -52 -74 35 -84 -24 -65 -66 -24 59 -60 73 17 -92 -40 -17 -46 -39 8 -10 -92 -2 -12 48 -2 -66 21 -84 -29 18 -69 73 -93 18 32 -3 -109 35 0 57 3 42 -79 -62 0 -56 -65 -100 -19 -92 -81 -51 -10 12 -42 -46 -53 31 -37 81 -61 48 -63 -14 23 34 30 -21 -93 -111 -79 -103 -52 56 -115 75 19 80 16 33 -105 -105 -13 -96 -30 -78 -22 8 -66 
-1 114 120 96 -47 100 75 53 127 110 6 83 5 -15 95 -23 37 -7 -8 35 118 -4 134 77 -32 16 42 10 18 64 46 -36 57 46 105 59 -8 81 -26 28 78 -8 132 -32 77 93 55 -50 96 58 115 63 100 -23 -3 61 0 -9 -42 39 -33 -24 7 51 73 18 14 3 87 21 139 -3 104 -5 43 81 92 91 40 -32 -55 -21 -46 9 112 -57 135 80 140 76 93 -47 -46 47 -38 26 -18 39 67 -9 
20 131 137 113 -30 117 92 70 142 125 21 100 19 2 112 -8 50 10 9 51 133 11 149 92 -17 35 57 29 33 81 65 -18 73 61 123 75 9 96 -9 43 94 4 147 -17 93 107 72 -34 109 76 131 78 117 -4 12 78 21 0 -27 56 -15 -7 22 65 89 34 29 21 105 38 157 14 122 12 61 98 109 107 55 -17 -39 -4 -31 22 128 -40 151 96 155 92 108 -31 -30 62 -21 46 -2 54 83 6 
48 158 165 142 -1 148 121 101 172 158 55 129 52 30 140 21 81 37 39 80 163 43 178 122 12 65 88 58 62 112 95 10 103 92 152 103 39 126 19 76 122 36 174 11 123 137 102 -5 140 104 162 108 146 26 43 105 49 36 0 85 13 23 53 95 117 63 57 52 136 67 185 42 152 42 91 128 138 135 83 11 -7 25 1 53 161 -11 180 124 183 121 138 -1 0 92 7 75 26 82 113 38 
-33 81 85 61 -80 66 41 21 93 77 -25 48 -27 -50 62 -57 3 -39 -42 2 84 -36 98 44 -67 -15 9 -24 -15 31 16 -70 23 9 72 25 -42 48 -60 -3 45 -43 99 -68 41 60 20 -85 63 22 80 29 66 -52 -37 29 -28 -42 -75 0 -65 -58 -28 19 37 -15 -21 -27 56 -13 106 -35 72 -38 10 49 60 55 5 -65 -87 -56 -80 -25 83 -88 101 48 105 42 58 -81 -79 14 -71 -3 -52 3 33 -43 
39 152 155 133 -9 138 115 91 163 151 47 120 44 22 130 11 73 32 30 71 155 37 168 115 4 57 81 49 56 104 87 4 95 81 144 93 30 119 13 66 116 28 170 3 113 130 92 -13 135 96 153 100 137 18 34 101 44 30 -4 74 0 14 45 91 107 53 51 44 127 58 177 35 144 32 82 120 130 125 75 7 -15 16 -8 45 152 -17 172 114 177 113 128 -10 -7 85 1 69 20 74 105 29 
33 144 150 126 -15 130 107 80 156 142 38 113 36 15 124 5 67 23 22 65 149 28 163 108 -2 48 73 43 48 94 78 -4 85 74 136 88 22 110 2 60 107 22 162 -3 105 122 85 -19 126 88 142 91 128 9 26 93 35 21 -12 68 -3 0 37 82 102 47 43 35 118 49 169 27 133 24 74 110 123 121 69 -3 -23 9 -18 39 146 -25 163 111 168 104 122 -19 -16 78 -7 59 12 68 97 21 
1 112 116 94 -48 98 75 51 123 109 5 81 4 -18 92 -27 33 -8 -10 32 116 -5 128 76 -35 17 42 9 17 64 47 -36 55 42 104 56 -10 80 -27 27 74 -12 129 -36 73 89 53 -53 95 56 113 59 96 -22 -6 60 4 -9 -45 36 -33 -29 0 49 67 15 11 4 86 17 137 -6 100 -9 43 77 90 85 35 -36 -56 -23 -50 5 113 -58 130 79 137 74 90 -50 -46 46 -39 27 -21 35 65 -11 
-45 67 74 49 -94 54 27 8 79 63 -38 37 -41 -62 48 -70 -13 -54 -56 -12 70 -50 86 27 -81 -28 -4 -35 -28 20 2 -81 8 -1 59 12 -56 33 -74 -17 30 -58 84 -82 28 42 7 -96 50 11 68 13 54 -67 -51 16 -44 -55 -89 -8 -80 -69 -40 0 26 -31 -36 -41 43 -25 92 -50 59 -50 -3 33 46 44 -8 -79 -100 -67 -93 -41 67 -101 86 34 90 27 45 -95 -93 -3 -86 -18 -66 -11 19 -56 
-64 48 53 30 -113 34 9 -11 58 45 -57 17 -61 -81 28 -91 -34 -71 -74 -33 49 -68 65 11 -98 -50 -24 -54 -48 -2 -20 -102 -9 -21 39 -9 -74 15 -90 -38 12 -79 63 -99 11 27 -13 -117 31 -8 48 -3 34 -89 -69 -4 -63 -75 -107 -30 -99 -90 -59 -15 0 -50 -52 -63 21 -45 73 -68 38 -71 -23 15 26 23 -27 -99 -120 -87 -112 -62 48 -121 69 12 74 10 25 -115 -112 -19 -102 -38 -84 -28 1 -75 
-7 104 111 84 -57 88 67 47 116 103 0 74 -3 -26 86 -35 27 -17 -20 25 109 -10 123 67 -42 9 35 4 10 57 39 -44 49 38 95 47 -20 73 -34 20 68 -18 124 -40 67 84 48 -59 88 50 107 51 88 -30 -12 53 -5 -16 -50 30 -41 -32 -2 43 61 0 4 -4 80 11 131 -11 96 -13 36 73 82 81 29 -40 -62 -33 -54 -1 104 -65 125 70 130 66 84 -59 -53 37 -46 20 -30 29 55 -21 
-5 106 113 88 -54 91 67 46 118 103 3 76 -1 -25 87 -33 28 -14 -17 27 109 -14 125 69 -40 11 37 1 8 59 41 -44 49 37 98 51 -17 73 -38 20 70 -17 123 -40 68 86 48 -57 89 50 107 54 91 -27 -11 54 -3 -18 -51 28 -41 -30 -1 44 65 9 0 -5 79 12 131 -11 99 -10 36 73 84 83 32 -40 -64 -29 -55 0 106 -64 127 73 126 68 85 -56 -53 39 -50 20 -27 29 58 -18 
0 111 118 93 -48 97 72 54 124 108 9 83 4 -17 92 -26 35 -8 -11 34 115 -3 131 76 -34 16 42 9 17 64 47 -39 54 45 103 57 -11 79 -27 30 75 -10 130 -35 75 91 54 -50 94 55 113 60 97 -21 -6 59 3 -9 -44 38 -33 -25 4 49 70 15 11 0 84 20 136 -4 104 -5 42 81 89 88 38 -34 -56 -24 -47 7 115 -58 132 78 137 73 90 -50 -47 46 -39 25 -21 36 64 -12 
-81 32 38 14 -128 18 -7 -27 43 28 -74 1 -77 -98 12 -107 -49 -89 -90 -48 34 -87 50 -8 -115 -64 -42 -72 -65 -16 -34 -118 -26 -37 20 -23 -90 -2 -111 -53 -5 -94 48 -116 -6 8 -27 -132 10 -24 32 -21 18 -103 -87 -21 -80 -92 -126 -45 -116 -105 -75 -34 -11 -66 -73 -79 0 -61 57 -86 23 -89 -42 -2 9 9 -43 -115 -139 -103 -128 -77 32 -140 52 -2 53 -7 7 -131 -128 -38 -123 -55 -101 -45 -18 -91 
-16 95 102 78 -64 82 58 36 107 94 -9 65 -10 -33 75 -44 19 -23 -26 16 101 -20 114 60 -51 2 26 -5 1 48 33 -53 40 28 88 41 -26 65 -44 13 59 -26 116 -51 56 75 37 -67 78 39 97 42 79 -36 -20 45 -12 -25 -58 19 -50 -41 -12 34 55 -2 -6 -11 69 0 120 -19 88 -21 26 65 76 73 22 -50 -71 -39 -63 -9 98 -72 116 64 120 58 73 -66 -62 30 -56 13 -36 20 49 -27 
-136 -25 -18 -41 -183 -37 -62 -82 -10 -26 -127 -52 -130 -151 -42 -161 -101 -142 -145 -101 -19 -137 -4 -60 -170 -118 -94 -123 -119 -72 -87 -173 -80 -90 -30 -79 -145 -55 -162 -106 -61 -146 -4 -171 -59 -44 -80 -185 -42 -81 -23 -74 -37 -155 -140 -74 -131 -145 -178 -98 -167 -161 -132 -86 -65 -119 -123 -129 -46 -115 0 -138 -32 -141 -91 -55 -43 -47 -97 -168 -188 -158 -182 -129 -20 -190 -2 -55 3 -61 -44 -184 -182 -90 -173 -105 -155 -100 -70 -146 
8 122 124 100 -41 107 85 60 133 118 14 87 14 -11 102 -16 44 2 -1 44 127 4 140 85 -26 27 50 20 26 72 57 -26 65 50 112 67 -1 89 -19 36 85 -1 140 -27 82 100 61 -43 103 63 121 70 107 -11 5 70 12 -1 -34 47 -24 -19 13 59 80 25 19 14 95 28 147 0 111 2 51 88 100 98 47 -25 -46 -17 -39 16 122 -48 142 89 145 84 99 -40 -38 55 -31 37 -11 44 74 -4 
-99 12 18 -6 -148 -2 -25 -47 24 9 -95 -19 -95 -117 -8 -127 -65 -108 -110 -67 18 -105 31 -24 -135 -81 -58 -89 -83 -36 -51 -136 -45 -58 5 -44 -110 -20 -127 -73 -26 -110 29 -136 -27 -11 -47 -152 -5 -44 14 -41 -4 -120 -104 -40 -96 -109 -145 -64 -133 -125 -95 -50 -30 -85 -89 -96 -14 -83 37 -106 0 -109 -57 -23 -9 -12 -64 -136 -156 -123 -150 -93 13 -158 33 -21 37 -26 -10 -149 -146 -54 -139 -73 -121 -65 -35 -111 
11 122 127 103 -39 107 85 63 135 121 17 90 15 -8 104 -16 45 1 -1 44 127 6 142 86 -24 28 52 21 26 73 58 -26 64 53 114 67 -1 89 -18 39 86 0 138 -25 84 98 63 -41 104 66 124 69 107 -11 5 69 13 0 -36 48 -23 -16 16 59 81 27 20 15 98 30 149 3 113 0 53 90 101 99 47 -25 -44 -14 -37 17 125 -47 142 88 146 83 101 -40 -37 56 -30 39 -11 46 74 -2 
-39 74 80 56 -85 60 35 15 86 70 -32 43 -33 -55 54 -65 -6 -47 -48 -5 77 -42 93 34 -72 -22 4 -29 -22 26 8 -76 17 6 62 19 -48 40 -65 -11 37 -51 90 -73 36 53 16 -90 56 18 74 23 60 -61 -43 21 -38 -50 -84 -2 -73 -63 -33 11 31 -24 -27 -37 47 -18 99 -44 66 -43 0 40 51 51 -1 -73 -97 -61 -86 -34 74 -98 94 40 99 35 50 -88 -86 4 -77 -13 -59 -3 24 -49 
-71 40 46 21 -119 28 3 -20 53 39 -65 9 -68 -91 21 -98 -37 -80 -83 -38 46 -75 60 2 -106 -56 -32 -62 -54 -8 -26 -108 -16 -29 31 -14 -85 4 -99 -43 3 -83 59 -106 2 20 -18 -123 23 -16 42 -12 25 -95 -77 -12 -69 -83 -115 -38 -107 -97 -66 -22 -3 -56 -60 -69 15 -54 66 -78 33 -76 -31 0 17 17 -34 -105 -128 -95 -118 -65 42 -134 60 7 65 1 16 -124 -122 -27 -110 -44 -95 -35 -10 -82 
-87 28 33 8 -133 14 -11 -33 38 24 -80 -4 -82 -104 7 -111 -52 -95 -96 -52 29 -90 44 -10 -118 -70 -45 -77 -68 -22 -40 -122 -33 -42 14 -28 -94 -9 -113 -59 -9 -98 44 -119 -12 6 -31 -138 10 -29 27 -25 12 -109 -92 -25 -86 -96 -130 -51 -120 -110 -80 -35 -17 -70 -75 -83 1 -67 53 -91 18 -92 -44 -5 0 1 -49 -119 -142 -108 -133 -79 26 -147 45 -6 50 -14 3 -135 -135 -40 -125 -61 -108 -48 -22 -95 
-82 29 34 10 -132 14 -9 -33 38 27 -76 -3 -81 -103 7 -110 -52 -93 -94 -53 31 -88 43 -7 -117 -68 -42 -76 -67 -21 -38 -120 -29 -42 19 -28 -94 -4 -112 -56 -7 -97 45 -118 -10 5 -31 -138 10 -27 28 -24 13 -107 -91 -24 -81 -93 -129 -48 -118 -109 -78 -34 -18 -70 -74 -81 3 -66 54 -90 19 -93 -41 -4 5 0 -50 -118 -138 -107 -132 -80 30 -142 49 -6 52 -10 5 -135 -131 -37 -124 -56 -104 -47 -19 -95 
-32 79 86 61 -82 66 41 20 91 78 -25 49 -28 -49 59 -60 1 -40 -42 -3 84 -36 98 44 -67 -17 9 -22 -17 29 13 -69 22 10 69 22 -42 46 -60 -5 43 -46 98 -67 40 59 21 -88 62 23 81 26 63 -56 -37 29 -31 -43 -75 3 -66 -57 -28 18 36 -18 -22 -30 53 -16 104 -36 72 -37 10 47 55 56 0 -66 -87 -55 -82 -27 81 -92 100 46 104 41 57 -82 -81 14 -72 -6 -53 4 33 -43 
38 149 156 131 -12 137 112 92 163 148 47 121 41 19 131 12 73 30 29 69 155 36 168 114 1 55 78 49 55 101 85 1 92 82 141 94 29 116 12 67 111 26 169 0 112 130 92 -16 132 93 151 98 135 16 33 99 41 28 -5 74 5 13 42 88 107 54 50 42 125 56 174 34 142 32 81 119 127 125 72 0 -16 14 -10 45 153 -22 170 118 175 111 128 -10 -10 84 0 66 15 71 103 27 
60 171 177 153 12 157 132 113 184 168 67 140 64 42 151 32 92 50 49 92 175 56 191 135 25 76 101 69 75 124 107 21 114 103 163 116 49 139 32 88 135 47 187 24 135 150 113 8 153 115 173 120 157 38 54 118 62 47 13 98 26 34 64 108 130 74 70 60 144 79 196 53 164 55 102 141 149 148 96 24 0 36 13 64 174 2 192 137 196 133 149 10 13 105 20 85 39 95 124 48 
27 141 145 117 -20 125 103 81 150 138 34 108 34 10 119 2 63 20 17 62 144 23 157 102 -6 45 71 38 45 93 75 -7 84 71 129 85 17 107 -1 56 103 17 158 -7 102 118 81 -23 124 84 142 88 125 6 25 89 29 19 -16 65 -6 2 34 76 98 42 37 32 115 46 166 23 129 20 71 106 117 117 65 -7 -28 0 -21 35 141 -31 161 107 163 102 117 -23 -19 73 -13 54 7 62 92 13 
52 165 168 144 3 148 127 104 176 162 58 131 57 33 143 24 85 43 40 84 168 48 182 127 18 69 94 61 69 116 99 16 108 92 155 106 40 132 24 79 128 40 182 17 124 143 103 1 148 107 165 111 148 30 48 113 54 41 9 90 18 25 57 101 121 66 62 56 140 71 191 49 155 46 93 129 142 139 89 18 -4 27 0 57 165 -5 184 130 188 126 141 1 6 97 12 77 30 88 115 39 
-1 111 117 92 -51 96 72 53 120 108 5 80 2 -19 92 -27 28 -9 -12 29 111 -6 127 73 -36 13 39 8 15 61 43 -39 54 42 101 55 -12 77 -28 24 74 -17 125 -37 73 89 52 -55 93 55 110 59 96 -26 -6 58 0 -11 -45 36 -35 -27 3 48 68 12 11 0 84 17 136 -6 100 -9 39 77 89 88 36 -36 -58 -24 -50 0 110 -59 131 77 137 73 88 -53 -49 43 -39 25 -22 34 63 -13 
-107 7 12 -13 -154 -8 -31 -54 18 5 -98 -25 -101 -125 -13 -134 -73 -113 -116 -74 10 -108 25 -31 -140 -89 -66 -96 -89 -41 -59 -142 -50 -64 -3 -50 -118 -30 -132 -77 -30 -118 24 -140 -32 -16 -53 -157 -14 -50 8 -47 -10 -128 -111 -45 -103 -117 -149 -72 -141 -131 -100 -58 -36 -91 -94 -102 -19 -88 32 -109 -2 -111 -65 -27 -17 -17 -67 -138 -162 -129 -156 -101 0 -168 24 -27 32 -32 -18 -157 -156 -61 -144 -79 -129 -71 -43 -119 
63 175 181 155 16 162 137 114 187 173 71 144 67 43 155 36 97 55 54 96 180 60 194 137 29 79 102 72 81 127 109 26 118 105 165 120 53 138 36 92 138 52 193 28 136 155 116 11 158 118 176 122 159 40 57 124 65 51 19 96 27 38 68 114 133 78 74 66 149 80 200 59 167 58 103 143 151 151 101 30 6 40 16 69 177 0 195 141 200 136 150 12 12 107 24 90 39 99 125 53 
-126 -13 -8 -32 -173 -27 -52 -72 -1 -17 -119 -45 -120 -143 -33 -154 -93 -134 -135 -94 -10 -129 5 -53 -160 -109 -85 -116 -109 -61 -79 -163 -70 -81 -25 -72 -135 -47 -152 -99 -50 -138 3 -161 -51 -36 -71 -178 -33 -69 -13 -65 -27 -148 -130 -68 -125 -137 -171 -89 -160 -151 -120 -78 -56 -115 -114 -124 -40 -106 12 -131 -21 -131 -87 -47 -36 -38 -89 -161 -184 -149 -173 -121 -13 -185 0 -49 12 -52 -37 -175 -173 -83 -164 -100 -146 -90 -63 -136 
-75 39 41 19 -122 25 2 -23 49 37 -67 6 -70 -92 16 -103 -41 -82 -83 -43 41 -77 54 1 -109 -57 -32 -65 -58 -10 -27 -109 -19 -31 30 -21 -83 5 -101 -48 3 -86 56 -108 0 16 -22 -127 21 -18 39 -14 23 -96 -80 -13 -70 -84 -118 -37 -109 -100 -69 -23 -7 -61 -63 -70 13 -56 64 -79 30 -82 -31 7 16 11 -39 -107 -128 -98 -122 -69 38 -131 58 0 63 -1 14 -124 -121 -29 -113 -45 -93 -37 -8 -85 
-130 -18 -12 -37 -180 -35 -56 -76 -7 -20 -123 -47 -126 -149 -37 -158 -96 -140 -143 -98 -13 -133 0 -56 -165 -114 -88 -121 -112 -66 -84 -167 -74 -86 -28 -74 -143 -50 -157 -101 -55 -141 1 -163 -56 -39 -75 -182 -35 -73 -16 -72 -35 -153 -135 -70 -128 -138 -173 -93 -164 -154 -125 -80 -61 -115 -118 -127 -43 -112 8 -134 -25 -135 -87 -53 -41 -42 -94 -163 -185 -152 -178 -124 -16 -188 2 -53 0 -57 -39 -182 -176 -86 -168 -103 -153 -92 -68 -144 
-69 43 47 23 -118 28 3 -18 55 40 -63 10 -65 -88 24 -95 -36 -81 -80 -35 46 -74 62 4 -103 -53 -27 -59 -52 -5 -22 -108 -15 -27 32 -13 -80 10 -98 -41 7 -81 60 -104 2 22 -16 -120 25 -14 43 -9 28 -91 -75 -10 -68 -80 -114 -32 -105 -96 -64 -20 1 -56 -60 -67 17 -49 68 -77 34 -75 -30 10 21 20 -32 -104 -127 -94 -116 -64 44 -128 59 9 64 0 18 -120 -116 -26 -110 -43 -90 -33 -6 -81 
-85 29 31 7 -134 14 -9 -33 40 25 -79 -6 -80 -104 7 -112 -51 -91 -94 -52 32 -89 45 -9 -119 -69 -43 -74 -67 -21 -37 -119 -28 -44 19 -30 -94 -4 -112 -57 -8 -96 46 -120 -12 7 -33 -138 12 -30 28 -24 13 -106 -89 -23 -82 -95 -127 -49 -123 -112 -80 -34 -17 -70 -74 -80 3 -66 54 -88 18 -91 -43 -5 7 2 -48 -118 -140 -110 -132 -79 29 -141 48 -9 52 -10 0 -138 -131 -39 -124 -56 -104 -49 -19 -97 
57 169 174 151 8 155 130 108 179 163 59 138 60 39 149 30 87 47 47 88 170 49 186 130 21 71 97 67 71 119 101 19 112 99 160 112 47 134 30 81 131 42 184 21 130 146 108 4 152 113 169 116 153 32 52 117 58 45 12 91 21 31 60 106 121 69 68 58 142 74 194 51 157 48 98 134 147 144 93 21 -1 34 7 59 167 -1 187 133 192 128 146 0 7 100 18 83 35 92 120 44 
56 167 172 146 7 153 126 107 178 164 60 135 57 37 146 28 89 44 45 87 169 50 185 129 20 70 90 65 71 119 101 15 106 97 157 111 43 131 26 82 129 41 183 19 127 144 105 2 148 111 166 114 151 32 47 114 57 43 9 91 20 29 60 104 125 69 64 58 141 72 192 48 155 46 95 132 144 143 90 19 -2 30 5 61 168 -3 184 133 189 125 143 4 0 99 14 82 33 90 118 43 
-39 73 78 54 -89 58 34 14 82 66 -33 41 -36 -57 53 -67 -10 -48 -50 -9 73 -44 89 30 -76 -25 1 -31 -23 23 5 -77 15 2 63 16 -50 39 -67 -14 33 -55 87 -76 34 51 13 -93 55 17 72 19 58 -64 -45 20 -38 -49 -83 -2 -74 -65 -35 10 29 -28 -28 -38 46 -21 98 -44 62 -47 1 36 51 47 -4 -76 -96 -63 -90 -38 70 -98 92 39 98 34 49 -91 -87 0 -78 -15 -61 -6 25 -53 
47 160 163 139 -3 146 120 99 172 156 53 126 52 28 139 20 80 36 33 79 163 43 177 120 10 64 87 57 65 111 95 9 102 89 150 102 38 126 20 75 123 35 177 12 121 139 100 -6 142 102 160 108 145 26 42 109 50 38 4 83 9 20 52 98 116 62 58 52 134 66 185 39 150 41 90 126 137 134 82 14 -8 22 0 52 160 -10 180 123 184 121 137 -1 -2 90 0 73 28 83 112 35 
-22 90 96 72 -70 76 51 32 103 87 -15 59 -17 -39 70 -49 11 -33 -32 11 94 -25 110 51 -57 -5 20 -16 -6 43 25 -60 33 20 79 34 -32 57 -52 6 54 -34 106 -57 52 69 31 -73 72 34 90 39 76 -44 -27 37 -21 -34 -68 14 -56 -47 -17 27 48 -7 -11 -21 63 -2 115 -28 82 -27 17 57 68 67 15 -57 -81 -45 -72 -17 91 -81 110 56 115 52 67 -71 -69 21 -62 0 -42 13 41 -33 
25 136 143 116 -23 123 99 77 148 135 32 106 28 4 116 -3 60 17 15 57 141 21 155 101 -10 42 67 35 42 89 72 -12 79 69 126 82 14 103 -3 53 100 14 154 -10 97 116 78 -28 119 80 137 83 120 3 18 85 26 16 -20 60 -9 0 29 75 95 39 35 29 110 41 161 21 128 19 67 105 112 113 63 -9 -30 2 -22 32 138 -35 157 104 161 98 114 -25 -23 71 -15 51 0 61 89 14 
-29 83 88 65 -77 69 45 24 95 81 -22 52 -27 -46 63 -56 3 -38 -39 4 86 -34 101 45 -64 -13 10 -19 -13 35 17 -65 26 15 76 26 -39 49 -58 -1 46 -42 99 -65 46 60 25 -81 62 28 82 31 69 -52 -37 28 -28 -39 -75 8 -64 -56 -23 18 40 -14 -20 -26 58 -10 109 -35 73 -38 14 50 62 58 7 -65 -84 -52 -77 -25 84 -87 103 47 106 44 61 -78 -77 15 -70 -2 -50 0 36 -40 
-60 52 58 34 -109 38 13 -7 65 49 -53 21 -57 -77 33 -85 -25 -70 -70 -27 56 -64 70 15 -96 -46 -20 -50 -44 2 -16 -98 -5 -16 43 -2 -70 20 -88 -31 13 -70 69 -94 13 32 -7 -112 35 -4 52 1 38 -85 -67 0 -59 -70 -105 -22 -94 -86 -55 -10 9 -45 -50 -59 25 -40 77 -66 43 -66 -19 20 30 27 -23 -94 -116 -83 -108 -53 53 -117 70 19 75 11 29 -109 -108 -15 -100 -34 -80 -23 0 -71 
15 129 135 110 -31 116 91 69 137 126 22 98 21 -2 110 -9 51 8 6 51 134 12 144 89 -17 32 58 25 34 80 62 -20 73 59 120 75 4 97 -11 44 92 4 146 -17 91 109 70 -34 112 73 131 77 114 -7 12 77 16 6 -28 54 -18 -8 22 67 85 29 29 19 103 35 154 12 120 11 59 95 106 106 55 -17 -41 -6 -31 23 128 -41 149 96 154 90 105 -36 -30 63 -22 42 -6 53 79 0 
Negative cycle: none
Execution time: 3.9498 ms
