Algorithm: Greedy Vertex Coloring
Vertex colors:
0 1
1 1
2 0
3 1
4 0
5 2
6 3
7 0
8 4
9 3
10 0
11 1
12 3
13 5
14 0
15 1
16 2
17 3
18 3
19 1
20 0
21 1
22 4
23 2
24 3
25 1
26 0
27 2
28 0
29 4
30 1
31 1
32 3
33 3
34 0
35 1
36 2
37 0
38 2
39 3
40 3
41 2
42 3
43 2
44 0
45 1
46 1
47 2
48 5
49 3
50 0
51 2
52 0
53 1
54 1
55 0
56 2
57 2
58 3
59 0
60 0
61 1
62 1
63 0
64 0
65 1
66 0
67 2
68 0
69 1
70 1
71 0
72 2
73 1
74 5
75 3
76 0
77 0
78 3
79 3
80 0
81 4
82 0
83 1
84 2
85 5
86 2
87 3
88 2
89 0
90 0
91 0
92 2
93 1
94 3
95 2
96 0
97 5
98 0
99 3
100 1
101 0
102 3
103 4
104 3
105 3
106 3
107 3
108 2
109 0
110 1
111 1
112 1
113 4
114 0
115 0
116 0
117 2
118 0
119 1
120 3
121 4
122 3
123 0
124 4
125 5
126 0
127 4
128 0
129 3
130 1
131 3
132 2
133 0
134 3
135 3
136 0
137 5
138 0
139 1
140 4
141 1
142 2
143 3
144 5
145 4
146 0
147 1
148 1
149 2
150 1
151 3
152 5
153 3
154 4
155 2
156 0
157 3
158 0
159 0
160 4
161 5
162 1
163 4
164 4
165 0
166 1
167 1
168 0
169 0
170 2
171 1
172 3
173 5
174 3
175 2
176 3
177 0
178 4
179 0
180 0
181 4
182 2
183 0
184 4
185 1
186 1
187 1
188 2
189 0
190 0
191 1
192 4
193 0
194 1
195 2
196 0
197 0
198 0
199 2
200 1
201 2
202 1
203 4
204 0
205 3
206 0
207 1
208 1
209 0
210 3
211 0
212 2
213 2
214 3
215 0
216 2
217 0
218 2
219 4
220 1
221 3
222 2
223 0
224 4
225 1
226 1
227 3
228 0
229 2
230 1
231 1
232 0
233 0
234 0
235 4
236 1
237 5
238 0
239 0
240 3
241 0
242 3
243 2
244 4
245 2
246 0
247 0
248 2
249 3
250 0
251 2
252 0
253 1
254 3
255 3
256 2
257 3
258 3
259 2
260 1
261 2
262 1
263 0
264 0
265 1
266 0
267 3
268 1
269 0
270 3
271 2
272 2
273 2
274 0
275 1
276 1
277 4
278 1
279 1
280 2
281 3
282 0
283 2
284 5
285 1
286 0
287 4
288 1
289 0
290 2
291 2
292 1
293 1
294 1
295 4
296 0
297 1
298 5
299 5
300 2
301 3
302 0
303 5
304 3
305 2
306 0
307 1
308 4
309 4
310 0
311 0
312 1
313 5
314 0
315 1
316 0
317 3
318 5
319 1
320 2
321 2
322 4
323 2
324 2
325 0
326 4
327 0
328 1
329 4
330 1
331 5
332 0
333 1
334 3
335 1
336 1
337 2
338 4
339 1
340 0
341 2
342 1
343 1
344 0
345 3
346 3
347 2
348 3
349 1
350 4
351 3
352 3
353 4
354 0
355 2
356 0
357 1
358 2
359 0
360 4
361 1
362 0
363 3
364 0
365 0
366 3
367 3
368 0
369 3
370 3
371 0
372 3
373 5
374 3
375 0
376 2
377 0
378 1
379 3
380 1
381 1
382 1
383 1
384 0
385 1
386 1
387 4
388 2
389 2
390 2
391 1
392 2
393 1
394 0
395 3
396 3
397 0
398 4
399 0
400 2
401 3
402 1
403 3
404 4
405 1
406 3
407 0
408 1
409 1
410 1
411 1
412 4
413 2
414 4
415 3
416 5
417 2
418 1
419 5
420 3
421 4
422 1
423 0
424 0
425 3
426 2
427 1
428 4
429 1
430 4
431 0
432 4
433 4
434 1
435 0
436 0
437 1
438 0
439 0
440 0
441 4
442 1
443 4
444 0
445 3
446 1
447 2
448 0
449 3
450 5
451 3
452 4
453 1
454 5
455 4
456 2
457 3
458 3
459 3
460 0
461 1
462 3
463 4
464 2
465 3
466 1
467 4
468 0
469 4
470 0
471 1
472 3
473 1
474 1
475 0
476 3
477 0
478 2
479 3
480 1
481 1
482 1
483 1
484 0
485 4
486 0
487 0
488 0
489 0
490 3
491 0
492 3
493 0
494 1
495 2
496 1
497 0
498 2
499 1
500 0
501 1
502 1
503 4
504 2
505 1
506 4
507 1
508 2
509 3
510 0
511 1
512 1
513 1
514 3
515 2
516 2
517 4
518 2
519 0
520 1
521 2
522 2
523 4
524 1
525 0
526 3
527 1
528 5
529 3
530 2
531 2
532 3
533 1
534 1
535 0
536 4
537 3
538 3
539 1
540 4
541 0
542 0
543 3
544 3
545 0
546 1
547 4
548 0
549 0
550 4
551 3
552 3
553 5
554 3
555 2
556 2
557 2
558 2
559 3
560 4
561 1
562 0
563 3
564 2
565 2
566 4
567 1
568 2
569 0
570 2
571 1
572 0
573 2
574 2
575 3
576 4
577 3
578 4
579 2
580 1
581 2
582 0
583 2
584 3
585 1
586 0
587 0
588 5
589 1
590 4
591 0
592 0
593 1
594 3
595 4
596 1
597 1
598 1
599 4
600 1
601 4
602 1
603 0
604 1
605 1
606 0
607 2
608 0
609 4
610 3
611 1
612 1
613 1
614 4
615 0
616 1
617 5
618 1
619 2
620 0
621 0
622 2
623 4
624 3
625 1
626 2
627 0
628 4
629 3
630 3
631 2
632 4
633 1
634 0
635 2
636 4
637 2
638 1
639 0
640 0
641 0
642 1
643 4
644 1
645 0
646 1
647 0
648 3
649 3
650 2
651 0
652 2
653 0
654 1
655 2
656 3
657 0
658 3
659 0
660 2
661 3
662 3
663 0
664 5
665 3
666 1
667 4
668 3
669 0
670 2
671 3
672 3
673 3
674 0
675 2
676 2
677 3
678 1
679 2
680 0
681 0
682 3
683 2
684 3
685 1
686 2
687 0
688 2
689 0
690 2
691 4
692 1
693 3
694 3
695 1
696 0
697 2
698 1
699 3
700 3
701 1
702 2
703 0
704 1
705 1
706 3
707 2
708 1
709 2
710 0
711 2
712 5
713 0
714 0
715 0
716 4
717 3
718 2
719 1
720 3
721 0
722 1
723 2
724 0
725 3
726 2
727 5
728 0
729 1
730 5
731 2
732 3
733 2
734 4
735 0
736 1
737 2
738 4
739 1
740 3
741 1
742 1
743 5
744 2
745 1
746 5
747 3
748 2
749 1
750 1
751 3
752 4
753 3
754 3
755 0
756 2
757 1
758 0
759 4
760 2
761 0
762 1
763 3
764 2
765 2
766 1
767 4
768 3
769 3
770 4
771 3
772 2
773 4
774 4
775 1
776 4
777 6
778 4
779 1
780 4
781 4
782 2
783 0
784 2
785 1
786 4
787 5
788 3
789 4
790 4
791 2
792 2
793 2
794 2
795 2
796 1
797 2
798 4
799 1
800 2
801 3
802 0
803 2
804 1
805 4
806 4
807 1
808 0
809 0
810 0
811 1
812 0
813 3
814 1
815 3
816 2
817 3
818 3
819 0
820 3
821 5
822 2
823 2
824 0
825 1
826 4
827 0
828 3
829 2
830 0
831 3
832 4
833 0
834 2
835 1
836 2
837 2
838 1
839 2
840 3
841 2
842 3
843 3
844 3
845 4
846 2
847 2
848 1
849 2
850 3
851 0
852 4
853 1
854 0
855 4
856 1
857 0
858 2
859 4
860 1
861 2
862 3
863 1
864 0
865 0
866 5
867 0
868 0
869 1
870 2
871 3
872 4
873 3
874 1
875 4
876 0
877 0
878 1
879 4
880 2
881 3
882 3
883 2
884 3
885 4
886 2
887 4
888 4
889 0
890 0
891 4
892 3
893 4
894 2
895 1
896 4
897 2
898 0
899 0
900 1
901 3
902 1
903 2
904 4
905 4
906 0
907 1
908 3
909 3
910 0
911 3
912 0
913 2
914 2
915 0
916 1
917 3
918 4
919 3
920 1
921 5
922 2
923 2
924 0
925 0
926 2
927 1
928 2
929 3
930 0
931 1
932 4
933 1
934 3
935 3
936 0
937 6
938 0
939 3
940 1
941 1
942 0
943 3
944 4
945 1
946 0
947 1
948 0
949 1
950 0
951 0
952 2
953 2
954 1
955 2
956 0
957 2
958 3
959 1
960 4
961 1
962 3
963 0
964 5
965 2
966 1
967 3
968 0
969 0
970 3
971 0
972 3
973 2
974 3
975 0
976 0
977 5
978 2
979 2
980 1
981 2
982 4
983 2
984 3
985 3
986 3
987 5
988 0
989 0
990 0
991 4
992 2
993 0
994 1
995 1
996 3
997 2
998 1
999 2
1000 1
1001 0
1002 3
1003 4
1004 2
1005 1
1006 2
1007 2
1008 3
1009 1
1010 3
1011 3
1012 3
1013 2
1014 4
1015 0
1016 3
1017 3
1018 3
1019 4
1020 1
1021 1
1022 1
1023 0
1024 1
1025 1
1026 2
1027 4
1028 3
1029 1
1030 2
1031 4
1032 2
1033 3
1034 1
1035 2
1036 3
1037 0
1038 4
1039 2
1040 4
1041 3
1042 4
1043 5
1044 0
1045 4
1046 3
1047 4
1048 2
1049 2
1050 2
1051 0
1052 0
1053 1
1054 0
1055 0
1056 3
1057 2
1058 2
1059 0
1060 3
1061 3
1062 2
1063 4
1064 2
1065 2
1066 1
1067 2
1068 1
1069 1
1070 3
1071 0
1072 1
1073 3
1074 1
1075 1
1076 3
1077 4
1078 2
1079 3
1080 2
1081 5
1082 5
1083 2
1084 0
1085 4
1086 3
1087 3
1088 1
1089 3
1090 2
1091 0
1092 0
1093 3
1094 3
1095 2
1096 3
1097 1
1098 1
1099 1
1100 2
1101 2
1102 0
1103 3
1104 5
1105 1
1106 1
1107 1
1108 0
1109 0
1110 0
1111 2
1112 2
1113 5
1114 5
1115 5
1116 3
1117 4
1118 2
1119 0
1120 2
1121 3
1122 3
1123 1
1124 1
1125 0
1126 0
1127 4
1128 5
1129 1
1130 3
1131 2
1132 2
1133 2
1134 0
1135 0
1136 0
1137 3
1138 0
1139 4
1140 4
1141 3
1142 3
1143 5
1144 5
1145 0
1146 2
1147 3
1148 0
1149 0
1150 3
1151 5
1152 5
1153 1
1154 1
1155 0
1156 2
1157 2
1158 2
1159 0
1160 0
1161 3
1162 2
1163 0
1164 5
1165 2
1166 0
1167 0
1168 0
1169 0
1170 1
1171 1
1172 4
1173 1
1174 0
1175 3
1176 4
1177 3
1178 3
1179 4
1180 0
1181 2
1182 4
1183 2
1184 2
1185 2
1186 3
1187 4
1188 5
1189 0
1190 2
1191 4
1192 1
1193 1
1194 0
1195 3
1196 1
1197 2
1198 2
1199 1
1200 0
1201 2
1202 1
1203 2
1204 3
1205 3
1206 2
1207 0
1208 2
1209 0
1210 3
1211 2
1212 3
1213 4
1214 3
1215 2
1216 4
1217 2
1218 4
1219 1
1220 4
1221 1
1222 1
1223 4
1224 0
1225 3
1226 2
1227 5
1228 3
1229 1
1230 1
1231 1
1232 4
1233 2
1234 0
1235 0
1236 4
1237 4
1238 4
1239 2
1240 3
1241 2
1242 1
1243 5
1244 1
1245 2
1246 1
1247 2
1248 4
1249 1
1250 0
1251 0
1252 1
1253 2
1254 2
1255 1
1256 0
1257 0
1258 2
1259 3
1260 1
1261 2
1262 2
1263 5
1264 5
1265 4
1266 2
1267 4
1268 0
1269 2
1270 1
1271 2
1272 0
1273 1
1274 4
1275 1
1276 1
1277 3
1278 1
1279 3
1280 2
1281 2
1282 2
1283 1
1284 4
1285 4
1286 2
1287 3
1288 1
1289 0
1290 4
1291 0
1292 0
1293 4
1294 5
1295 2
1296 6
1297 1
1298 1
1299 0
1300 2
1301 5
1302 2
1303 1
1304 4
1305 3
1306 0
1307 4
1308 2
1309 3
1310 4
1311 0
1312 2
1313 3
1314 4
1315 2
1316 0
1317 2
1318 1
1319 4
1320 5
1321 3
1322 4
1323 5
1324 3
1325 1
1326 2
1327 1
1328 4
1329 0
1330 3
1331 1
1332 2
1333 1
1334 0
1335 0
1336 0
1337 2
1338 4
1339 2
1340 3
1341 1
1342 0
1343 2
1344 2
1345 2
1346 0
1347 1
1348 0
1349 2
1350 4
1351 0
1352 0
1353 0
1354 1
1355 3
1356 3
1357 1
1358 1
1359 1
1360 5
1361 3
1362 3
1363 2
1364 3
1365 2
1366 3
1367 2
1368 2
1369 3
1370 5
1371 0
1372 3
1373 1
1374 5
1375 0
1376 0
1377 3
1378 2
1379 0
1380 1
1381 2
1382 0
1383 5
1384 0
1385 0
1386 4
1387 0
1388 4
1389 5
1390 2
1391 2
1392 3
1393 0
1394 2
1395 2
1396 0
1397 4
1398 2
1399 2
1400 1
1401 2
1402 2
1403 4
1404 4
1405 1
1406 1
1407 3
1408 3
1409 3
1410 2
1411 2
1412 1
1413 1
1414 2
1415 2
1416 3
1417 2
1418 1
1419 0
1420 2
1421 2
1422 0
1423 0
1424 1
1425 1
1426 2
1427 0
1428 1
1429 3
1430 1
1431 3
1432 3
1433 2
1434 0
1435 4
1436 0
1437 1
1438 3
1439 0
1440 2
1441 0
1442 4
1443 2
1444 0
1445 1
1446 4
1447 4
1448 1
1449 2
1450 0
1451 3
1452 2
1453 1
1454 2
1455 3
1456 2
1457 1
1458 3
1459 1
1460 0
1461 5
1462 3
1463 2
1464 2
1465 3
1466 1
1467 4
1468 2
1469 5
1470 1
1471 2
1472 3
1473 0
1474 2
1475 3
1476 0
1477 2
1478 4
1479 2
1480 2
1481 3
1482 0
1483 0
1484 2
1485 0
1486 1
1487 1
1488 4
1489 3
1490 3
1491 0
1492 2
1493 1
1494 1
1495 0
1496 1
1497 2
1498 1
1499 0
1500 5
1501 2
1502 0
1503 0
1504 3
1505 1
1506 2
1507 4
1508 1
1509 2
1510 0
1511 0
1512 1
1513 1
1514 2
1515 3
1516 0
1517 1
1518 3
1519 4
1520 3
1521 3
1522 2
1523 0
1524 0
1525 3
1526 1
1527 2
1528 0
1529 4
1530 0
1531 0
1532 0
1533 0
1534 0
1535 2
1536 2
1537 1
1538 4
1539 2
1540 1
1541 1
1542 0
1543 3
1544 0
1545 2
1546 0
1547 3
1548 3
1549 1
1550 3
1551 0
1552 0
1553 1
1554 2
1555 4
1556 0
1557 1
1558 4
1559 1
1560 1
1561 1
1562 4
1563 0
1564 1
1565 1
1566 1
1567 1
1568 3
1569 2
1570 4
1571 2
1572 2
1573 1
1574 4
1575 5
1576 4
1577 1
1578 0
1579 1
1580 1
1581 4
1582 1
1583 1
1584 1
1585 4
1586 1
1587 1
1588 2
1589 0
1590 1
1591 5
1592 5
1593 1
1594 1
1595 1
1596 4
1597 4
1598 0
1599 2
1600 1
1601 2
1602 3
1603 3
1604 2
1605 0
1606 4
1607 0
1608 5
1609 2
1610 0
1611 1
1612 0
1613 0
1614 1
1615 3
1616 4
1617 0
1618 2
1619 3
1620 0
1621 2
1622 3
1623 2
1624 3
1625 4
1626 0
1627 1
1628 1
1629 5
1630 3
1631 3
1632 0
1633 0
1634 0
1635 3
1636 0
1637 0
1638 1
1639 0
1640 2
1641 0
1642 3
1643 2
1644 4
1645 4
1646 0
1647 3
1648 2
1649 0
1650 2
1651 4
1652 0
1653 5
1654 1
1655 1
1656 1
1657 3
1658 3
1659 0
1660 1
1661 4
1662 2
1663 1
1664 2
1665 2
1666 5
1667 4
1668 3
1669 5
1670 4
1671 1
1672 3
1673 4
1674 1
1675 4
1676 0
1677 5
1678 3
1679 3
1680 0
1681 3
1682 5
1683 0
1684 0
1685 1
1686 0
1687 0
1688 1
1689 0
1690 1
1691 0
1692 4
1693 2
1694 2
1695 1
1696 1
1697 0
1698 4
1699 4
1700 1
1701 4
1702 1
1703 0
1704 1
1705 1
1706 5
1707 2
1708 3
1709 5
1710 0
1711 1
1712 2
1713 4
1714 0
1715 1
1716 4
1717 0
1718 5
1719 2
1720 4
1721 1
1722 3
1723 0
1724 0
1725 4
1726 2
1727 4
1728 2
1729 3
1730 3
1731 2
1732 2
1733 2
1734 3
1735 1
1736 2
1737 1
1738 4
1739 4
1740 1
1741 4
1742 2
1743 3
1744 2
1745 0
1746 1
1747 1
1748 4
1749 3
1750 3
1751 1
1752 2
1753 1
1754 3
1755 2
1756 3
1757 3
1758 1
1759 5
1760 4
1761 2
1762 2
1763 2
1764 0
1765 0
1766 2
1767 3
1768 4
1769 2
1770 2
1771 2
1772 0
1773 2
1774 1
1775 2
1776 2
1777 3
1778 0
1779 3
1780 1
1781 2
1782 3
1783 2
1784 1
1785 3
1786 2
1787 1
1788 1
1789 3
1790 1
1791 1
1792 4
1793 4
1794 0
1795 3
1796 2
1797 3
1798 0
1799 3
1800 4
1801 1
1802 1
1803 3
1804 1
1805 3
1806 3
1807 3
1808 1
1809 1
1810 3
1811 4
1812 3
1813 2
1814 4
1815 2
1816 5
1817 1
1818 0
1819 2
1820 0
1821 0
1822 1
1823 0
1824 1
1825 3
1826 3
1827 3
1828 0
1829 1
1830 5
1831 3
1832 1
1833 0
1834 0
1835 0
1836 0
1837 3
1838 3
1839 1
1840 0
1841 0
1842 1
1843 3
1844 4
1845 0
1846 1
1847 2
1848 1
1849 3
1850 1
1851 3
1852 0
1853 2
1854 0
1855 2
1856 5
1857 0
1858 4
1859 1
1860 5
1861 0
1862 3
1863 0
1864 2
1865 3
1866 0
1867 2
1868 4
1869 0
1870 1
1871 3
1872 4
1873 0
1874 0
1875 0
1876 4
1877 2
1878 4
1879 4
1880 3
1881 4
1882 3
1883 4
1884 2
1885 2
1886 0
1887 1
1888 2
1889 0
1890 2
1891 0
1892 2
1893 2
1894 4
1895 1
1896 1
1897 4
1898 3
1899 3
1900 2
1901 0
1902 3
1903 1
1904 2
1905 4
1906 4
1907 5
1908 1
1909 2
1910 1
1911 2
1912 0
1913 1
1914 1
1915 1
1916 2
1917 4
1918 0
1919 4
1920 0
1921 3
1922 1
1923 0
1924 1
1925 1
1926 1
1927 1
1928 2
1929 3
1930 0
1931 3
1932 4
1933 1
1934 2
1935 2
1936 3
1937 2
1938 2
1939 4
1940 0
1941 3
1942 3
1943 3
1944 4
1945 3
1946 3
1947 0
1948 0
1949 2
1950 0
1951 1
1952 2
1953 1
1954 2
1955 0
1956 3
1957 5
1958 2
1959 2
1960 5
1961 4
1962 0
1963 2
1964 0
1965 2
1966 2
1967 4
1968 2
1969 2
1970 2
1971 1
1972 2
1973 0
1974 0
1975 5
1976 0
1977 2
1978 0
1979 2
1980 1
1981 0
1982 1
1983 1
1984 1
1985 2
1986 0
1987 2
1988 2
1989 2
1990 0
1991 3
1992 3
1993 1
1994 2
1995 3
1996 2
1997 2
1998 1
1999 2
2000 0
2001 1
2002 0
2003 1
2004 1
2005 2
2006 1
2007 0
2008 3
2009 2
2010 0
2011 1
2012 0
2013 2
2014 0
2015 3
2016 3
2017 4
2018 0
2019 3
2020 2
2021 3
2022 0
2023 2
2024 1
2025 1
2026 3
2027 5
2028 4
2029 4
2030 3
2031 1
2032 4
2033 0
2034 3
2035 3
2036 3
2037 1
2038 2
2039 2
2040 5
2041 1
2042 2
2043 3
2044 1
2045 2
2046 2
2047 3
2048 1
2049 0
2050 0
2051 4
2052 3
2053 1
2054 4
2055 4
2056 1
2057 2
2058 3
2059 1
2060 2
2061 3
2062 2
2063 3
2064 3
2065 3
2066 4
2067 2
2068 2
2069 1
2070 3
2071 0
2072 1
2073 3
2074 1
2075 2
2076 1
2077 3
2078 2
2079 3
2080 0
2081 1
2082 4
2083 1
2084 3
2085 3
2086 1
2087 2
2088 5
2089 0
2090 5
2091 2
2092 2
2093 0
2094 1
2095 2
2096 0
2097 0
2098 0
2099 5
2100 1
2101 1
2102 1
2103 3
2104 3
2105 4
2106 1
2107 0
2108 0
2109 1
2110 3
2111 3
2112 2
2113 2
2114 0
2115 2
2116 0
2117 1
2118 1
2119 5
2120 4
2121 2
2122 1
2123 4
2124 3
2125 5
2126 1
2127 0
2128 2
2129 1
2130 0
2131 0
2132 0
2133 2
2134 4
2135 1
2136 5
2137 2
2138 2
2139 3
2140 0
2141 3
2142 3
2143 0
2144 1
2145 5
2146 3
2147 1
2148 5
2149 4
2150 2
2151 3
2152 2
2153 2
2154 2
2155 4
2156 2
2157 2
2158 1
2159 3
2160 1
2161 1
2162 4
2163 2
2164 0
2165 4
2166 0
2167 3
2168 0
2169 1
2170 2
2171 0
2172 4
2173 5
2174 4
2175 3
2176 2
2177 3
2178 0
2179 1
2180 2
2181 1
2182 5
2183 1
2184 1
2185 3
2186 3
2187 3
2188 3
2189 4
2190 0
2191 3
2192 1
2193 4
2194 0
2195 1
2196 1
2197 0
2198 4
2199 2
2200 3
2201 1
2202 1
2203 4
2204 1
2205 1
2206 0
2207 2
2208 3
2209 0
2210 2
2211 4
2212 4
2213 0
2214 2
2215 3
2216 2
2217 1
2218 2
2219 3
2220 1
2221 3
2222 1
2223 3
2224 3
2225 0
2226 2
2227 2
2228 4
2229 0
2230 0
2231 0
2232 2
2233 2
2234 0
2235 1
2236 2
2237 0
2238 1
2239 1
2240 0
2241 0
2242 0
2243 0
2244 2
2245 2
2246 2
2247 1
2248 1
2249 0
2250 1
2251 5
2252 1
2253 1
2254 3
2255 0
2256 1
2257 4
2258 4
2259 1
2260 5
2261 2
2262 0
2263 3
2264 4
2265 4
2266 2
2267 0
2268 1
2269 0
2270 2
2271 1
2272 3
2273 1
2274 2
2275 1
2276 1
2277 2
2278 0
2279 3
2280 3
2281 1
2282 4
2283 2
2284 4
2285 3
2286 3
2287 0
2288 0
2289 1
2290 5
2291 4
2292 1
2293 1
2294 0
2295 4
2296 3
2297 3
2298 2
2299 1
2300 0
2301 0
2302 0
2303 3
2304 3
2305 3
2306 3
2307 0
2308 0
2309 2
2310 3
2311 2
2312 1
2313 2
2314 4
2315 0
2316 1
2317 0
2318 4
2319 4
2320 5
2321 0
2322 5
2323 0
2324 3
2325 1
2326 4
2327 3
2328 3
2329 4
2330 1
2331 0
2332 0
2333 0
2334 1
2335 4
2336 1
2337 4
2338 3
2339 4
2340 5
2341 1
2342 0
2343 0
2344 3
2345 0
2346 3
2347 2
2348 1
2349 3
2350 4
2351 3
2352 1
2353 1
2354 3
2355 0
2356 3
2357 4
2358 2
2359 2
2360 2
2361 4
2362 1
2363 2
2364 2
2365 0
2366 1
2367 1
2368 0
2369 2
2370 2
2371 2
2372 3
2373 0
2374 0
2375 4
2376 2
2377 1
2378 5
2379 1
2380 4
2381 0
2382 6
2383 2
2384 4
2385 5
2386 2
2387 1
2388 1
2389 0
2390 2
2391 0
2392 1
2393 1
2394 3
2395 0
2396 1
2397 1
2398 0
2399 1
2400 1
2401 1
2402 3
2403 0
2404 2
2405 2
2406 0
2407 0
2408 3
2409 5
2410 3
2411 4
2412 1
2413 4
2414 0
2415 0
2416 4
2417 4
2418 3
2419 5
2420 2
2421 2
2422 3
2423 0
2424 2
2425 3
2426 3
2427 0
2428 4
2429 2
2430 1
2431 0
2432 0
2433 1
2434 2
2435 5
2436 3
2437 0
2438 4
2439 3
2440 3
2441 0
2442 0
2443 2
2444 4
2445 0
2446 0
2447 5
2448 0
2449 2
2450 0
2451 2
2452 4
2453 5
2454 2
2455 0
2456 1
2457 0
2458 4
2459 3
2460 0
2461 2
2462 1
2463 3
2464 2
2465 3
2466 1
2467 0
2468 0
2469 4
2470 3
2471 0
2472 1
2473 1
2474 4
2475 1
2476 3
2477 0
2478 5
2479 1
2480 2
2481 3
2482 2
2483 2
2484 3
2485 2
2486 4
2487 1
2488 2
2489 0
2490 0
2491 2
2492 2
2493 1
2494 2
2495 0
2496 3
2497 3
2498 1
2499 3
2500 3
2501 2
2502 4
2503 2
2504 2
2505 4
2506 5
2507 1
2508 4
2509 3
2510 3
2511 3
2512 2
2513 1
2514 2
2515 1
2516 1
2517 2
2518 1
2519 4
2520 4
2521 0
2522 2
2523 0
2524 4
2525 2
2526 0
2527 3
2528 1
2529 1
2530 0
2531 2
2532 3
2533 2
2534 3
2535 1
2536 1
2537 1
2538 3
2539 0
2540 2
2541 1
2542 3
2543 3
2544 2
2545 0
2546 1
2547 4
2548 3
2549 0
2550 2
2551 0
2552 4
2553 1
2554 1
2555 2
2556 1
2557 4
2558 4
2559 0
2560 2
2561 4
2562 4
2563 1
2564 3
2565 0
2566 1
2567 4
2568 4
2569 0
2570 0
2571 3
2572 2
2573 4
2574 1
2575 0
2576 2
2577 1
2578 5
2579 4
2580 5
2581 0
2582 2
2583 1
2584 4
2585 0
2586 0
2587 0
2588 1
2589 0
2590 3
2591 2
2592 4
2593 3
2594 3
2595 2
2596 3
2597 3
2598 0
2599 4
2600 4
2601 1
2602 2
2603 0
2604 0
2605 0
2606 0
2607 0
2608 0
2609 1
2610 4
2611 3
2612 3
2613 3
2614 2
2615 3
2616 2
2617 0
2618 0
2619 4
2620 5
2621 1
2622 4
2623 4
2624 4
2625 0
2626 5
2627 5
2628 3
2629 4
2630 2
2631 2
2632 1
2633 5
2634 5
2635 2
2636 4
2637 3
2638 0
2639 2
2640 2
2641 4
2642 0
2643 0
2644 3
2645 0
2646 0
2647 2
2648 3
2649 3
2650 2
2651 1
2652 2
2653 3
2654 0
2655 3
2656 4
2657 1
2658 0
2659 0
2660 3
2661 5
2662 3
2663 0
2664 2
2665 0
2666 2
2667 2
2668 3
2669 2
2670 2
2671 2
2672 0
2673 2
2674 1
2675 5
2676 2
2677 2
2678 0
2679 0
2680 1
2681 0
2682 4
2683 2
2684 2
2685 0
2686 1
2687 2
2688 4
2689 1
2690 3
2691 3
2692 0
2693 4
2694 3
2695 2
2696 2
2697 0
2698 3
2699 4
2700 3
2701 1
2702 1
2703 0
2704 2
2705 0
2706 2
2707 2
2708 3
2709 2
2710 0
2711 0
2712 2
2713 1
2714 5
2715 4
2716 0
2717 2
2718 1
2719 5
2720 0
2721 2
2722 2
2723 3
2724 1
2725 1
2726 0
2727 1
2728 1
2729 3
2730 2
2731 3
2732 0
2733 1
2734 1
2735 4
2736 3
2737 0
2738 0
2739 1
2740 2
2741 0
2742 3
2743 3
2744 3
2745 3
2746 0
2747 4
2748 2
2749 3
2750 4
2751 1
2752 1
2753 0
2754 3
2755 2
2756 4
2757 0
2758 2
2759 4
2760 4
2761 1
2762 3
2763 0
2764 3
2765 3
2766 1
2767 0
2768 0
2769 3
2770 2
2771 1
2772 3
2773 4
2774 1
2775 3
2776 2
2777 0
2778 2
2779 0
2780 2
2781 1
2782 0
2783 3
2784 2
2785 4
2786 2
2787 3
2788 5
2789 4
2790 0
2791 2
2792 2
2793 4
2794 0
2795 1
2796 2
2797 4
2798 1
2799 0
2800 3
2801 2
2802 2
2803 2
2804 1
2805 4
2806 3
2807 3
2808 0
2809 0
2810 3
2811 2
2812 3
2813 4
2814 0
2815 3
2816 2
2817 3
2818 2
2819 0
2820 3
2821 0
2822 3
2823 1
2824 0
2825 0
2826 2
2827 3
2828 1
2829 4
2830 4
2831 0
2832 2
2833 0
2834 2
2835 1
2836 0
2837 4
2838 2
2839 0
2840 0
2841 3
2842 3
2843 4
2844 0
2845 4
2846 4
2847 4
2848 2
2849 0
2850 0
2851 2
2852 3
2853 5
2854 0
2855 1
2856 1
2857 1
2858 5
2859 0
2860 2
2861 1
2862 1
2863 1
2864 2
2865 2
2866 0
2867 0
2868 2
2869 2
2870 0
2871 0
2872 5
2873 2
2874 1
2875 3
2876 5
2877 2
2878 3
2879 3
2880 1
2881 1
2882 3
2883 1
2884 0
2885 4
2886 1
2887 0
2888 5
2889 0
2890 1
2891 0
2892 5
2893 4
2894 3
2895 3
2896 0
2897 0
2898 2
2899 0
2900 1
2901 3
2902 1
2903 3
2904 3
2905 1
2906 3
2907 0
2908 3
2909 5
2910 0
2911 5
2912 0
2913 0
2914 0
2915 0
2916 2
2917 1
2918 0
2919 5
2920 2
2921 3
2922 4
2923 0
2924 3
2925 1
2926 0
2927 4
2928 0
2929 1
2930 4
2931 3
2932 2
2933 4
2934 2
2935 4
2936 0
2937 1
2938 0
2939 3
2940 2
2941 2
2942 3
2943 1
2944 0
2945 1
2946 0
2947 0
2948 3
2949 4
2950 1
2951 1
2952 2
2953 4
2954 1
2955 5
2956 0
2957 1
2958 3
2959 4
2960 3
2961 1
2962 4
2963 3
2964 0
2965 0
2966 2
2967 4
2968 1
2969 5
2970 0
2971 0
2972 4
2973 2
2974 3
2975 4
2976 2
2977 1
2978 0
2979 2
2980 2
2981 2
2982 3
2983 2
2984 3
2985 0
2986 2
2987 0
2988 0
2989 1
2990 2
2991 1
2992 2
2993 2
2994 0
2995 3
2996 1
2997 0
2998 1
2999 5
3000 0
3001 4
3002 3
3003 1
3004 2
3005 4
3006 2
3007 2
3008 5
3009 0
3010 3
3011 1
3012 0
3013 1
3014 2
3015 4
3016 1
3017 2
3018 2
3019 1
3020 2
3021 3
3022 0
3023 3
3024 0
3025 1
3026 0
3027 0
3028 0
3029 4
3030 3
3031 1
3032 2
3033 4
3034 4
3035 4
3036 0
3037 4
3038 1
3039 2
3040 3
3041 0
3042 5
3043 1
3044 2
3045 2
3046 4
3047 3
3048 2
3049 0
3050 3
3051 0
3052 2
3053 0
3054 3
3055 3
3056 1
3057 1
3058 2
3059 0
3060 1
3061 0
3062 4
3063 1
3064 2
3065 2
3066 0
3067 0
3068 1
3069 1
3070 3
3071 3
3072 2
3073 3
3074 2
3075 0
3076 2
3077 2
3078 2
3079 0
3080 0
3081 0
3082 4
3083 2
3084 2
3085 3
3086 4
3087 4
3088 2
3089 4
3090 0
3091 0
3092 1
3093 0
3094 3
3095 1
3096 1
3097 5
3098 3
3099 2
3100 2
3101 4
3102 3
3103 0
3104 4
3105 0
3106 3
3107 3
3108 3
3109 2
3110 1
3111 3
3112 2
3113 2
3114 2
3115 1
3116 3
3117 1
3118 1
3119 2
3120 2
3121 0
3122 3
3123 4
3124 0
3125 1
3126 0
3127 5
3128 1
3129 3
3130 3
3131 1
3132 2
3133 4
3134 0
3135 4
3136 2
3137 4
3138 3
3139 0
3140 2
3141 1
3142 1
3143 2
3144 3
3145 2
3146 1
3147 4
3148 3
3149 1
3150 4
3151 0
3152 0
3153 5
3154 1
3155 1
3156 0
3157 3
3158 4
3159 2
3160 1
3161 3
3162 2
3163 4
3164 4
3165 2
3166 0
3167 0
3168 2
3169 0
3170 3
3171 4
3172 3
3173 5
3174 2
3175 0
3176 1
3177 2
3178 2
3179 1
3180 4
3181 4
3182 4
3183 4
3184 5
3185 2
3186 1
3187 2
3188 3
3189 4
3190 2
3191 3
3192 2
3193 0
3194 2
3195 3
3196 3
3197 3
3198 2
3199 1
3200 0
3201 4
3202 0
3203 1
3204 1
3205 3
3206 1
3207 4
3208 5
3209 3
3210 5
3211 4
3212 5
3213 1
3214 4
3215 1
3216 3
3217 3
3218 0
3219 2
3220 0
3221 2
3222 2
3223 0
3224 1
3225 4
3226 1
3227 0
3228 5
3229 0
3230 0
3231 2
3232 1
3233 4
3234 2
3235 2
3236 3
3237 2
3238 3
3239 0
3240 2
3241 0
3242 1
3243 3
3244 0
3245 4
3246 5
3247 0
3248 0
3249 2
3250 3
3251 4
3252 1
3253 0
3254 4
3255 2
3256 1
3257 4
3258 4
3259 3
3260 0
3261 4
3262 4
3263 0
3264 4
3265 0
3266 0
3267 0
3268 3
3269 2
3270 3
3271 4
3272 1
3273 5
3274 0
3275 3
3276 2
3277 2
3278 1
3279 0
3280 0
3281 1
3282 0
3283 1
3284 4
3285 0
3286 0
3287 4
3288 2
3289 1
3290 3
3291 2
3292 2
3293 0
3294 2
3295 2
3296 4
3297 2
3298 4
3299 1
3300 1
3301 0
3302 2
3303 1
3304 0
3305 2
3306 3
3307 3
3308 3
3309 3
3310 1
3311 3
3312 0
3313 3
3314 2
3315 1
3316 1
3317 0
3318 3
3319 1
3320 4
3321 0
3322 2
3323 0
3324 0
3325 2
3326 3
3327 2
3328 3
3329 4
3330 2
3331 3
3332 5
3333 5
3334 0
3335 1
3336 1
3337 2
3338 1
3339 1
3340 0
3341 4
3342 2
3343 2
3344 3
3345 1
3346 1
3347 3
3348 1
3349 4
3350 4
3351 0
3352 2
3353 1
3354 2
3355 4
3356 1
3357 3
3358 3
3359 3
3360 2
3361 0
3362 1
3363 2
3364 0
3365 0
3366 5
3367 4
3368 2
3369 2
3370 0
3371 4
3372 2
3373 0
3374 2
3375 1
3376 1
3377 1
3378 0
3379 0
3380 4
3381 1
3382 0
3383 1
3384 2
3385 1
3386 0
3387 2
3388 2
3389 4
3390 3
3391 1
3392 2
3393 0
3394 3
3395 3
3396 2
3397 2
3398 3
3399 1
3400 1
3401 1
3402 0
3403 3
3404 1
3405 2
3406 5
3407 0
3408 3
3409 1
3410 3
3411 0
3412 0
3413 0
3414 3
3415 0
3416 2
3417 3
3418 2
3419 0
3420 3
3421 0
3422 1
3423 0
3424 0
3425 3
3426 0
3427 1
3428 4
3429 3
3430 0
3431 5
3432 1
3433 3
3434 0
3435 4
3436 0
3437 2
3438 3
3439 4
3440 1
3441 1
3442 0
3443 2
3444 2
3445 3
3446 5
3447 4
3448 3
3449 3
3450 2
3451 2
3452 4
3453 3
3454 4
3455 2
3456 3
3457 1
3458 0
3459 0
3460 1
3461 1
3462 3
3463 5
3464 0
3465 3
3466 0
3467 1
3468 4
3469 2
3470 2
3471 2
3472 1
3473 4
3474 1
3475 1
3476 4
3477 3
3478 5
3479 6
3480 1
3481 0
3482 2
3483 1
3484 2
3485 4
3486 4
3487 4
3488 4
3489 2
3490 0
3491 4
3492 1
3493 0
3494 3
3495 4
3496 0
3497 4
3498 0
3499 1
3500 3
3501 0
3502 1
3503 0
3504 2
3505 2
3506 3
3507 4
3508 0
3509 0
3510 4
3511 1
3512 1
3513 0
3514 1
3515 3
3516 2
3517 4
3518 2
3519 4
3520 4
3521 2
3522 1
3523 2
3524 1
3525 1
3526 2
3527 0
3528 1
3529 1
3530 3
3531 1
3532 4
3533 1
3534 0
3535 4
3536 2
3537 2
3538 2
3539 4
3540 1
3541 2
3542 4
3543 3
3544 0
3545 4
3546 0
3547 4
3548 3
3549 0
3550 3
3551 0
3552 2
3553 0
3554 1
3555 4
3556 1
3557 2
3558 4
3559 0
3560 0
3561 3
3562 5
3563 1
3564 2
3565 0
3566 3
3567 2
3568 1
3569 2
3570 2
3571 1
3572 4
3573 3
3574 1
3575 4
3576 4
3577 2
3578 2
3579 3
3580 2
3581 1
3582 3
3583 2
3584 1
3585 0
3586 2
3587 1
3588 0
3589 4
3590 3
3591 1
3592 3
3593 3
3594 0
3595 3
3596 3
3597 2
3598 2
3599 5
3600 1
3601 2
3602 1
3603 1
3604 5
3605 1
3606 0
3607 0
3608 5
3609 1
3610 2
3611 0
3612 1
3613 1
3614 4
3615 1
3616 3
3617 3
3618 1
3619 2
3620 1
3621 0
3622 3
3623 0
3624 0
3625 3
3626 0
3627 3
3628 1
3629 2
3630 2
3631 2
3632 1
3633 1
3634 2
3635 0
3636 2
3637 6
3638 2
3639 3
3640 2
3641 4
3642 2
3643 1
3644 3
3645 3
3646 4
3647 2
3648 3
3649 4
3650 4
3651 2
3652 3
3653 2
3654 3
3655 4
3656 0
3657 0
3658 2
3659 3
3660 1
3661 3
3662 3
3663 1
3664 0
3665 0
3666 1
3667 1
3668 3
3669 3
3670 3
3671 3
3672 2
3673 1
3674 4
3675 1
3676 2
3677 4
3678 2
3679 3
3680 3
3681 3
3682 1
3683 1
3684 4
3685 4
3686 1
3687 1
3688 1
3689 2
3690 2
3691 0
3692 2
3693 0
3694 1
3695 3
3696 1
3697 4
3698 0
3699 0
3700 2
3701 1
3702 2
3703 0
3704 4
3705 0
3706 2
3707 2
3708 1
3709 0
3710 4
3711 1
3712 1
3713 3
3714 2
3715 3
3716 2
3717 3
3718 2
3719 1
3720 1
3721 0
3722 1
3723 0
3724 2
3725 0
3726 2
3727 3
3728 1
3729 4
3730 2
3731 1
3732 1
3733 1
3734 0
3735 3
3736 3
3737 5
3738 1
3739 0
3740 0
3741 0
3742 3
3743 4
3744 4
3745 0
3746 4
3747 0
3748 2
3749 0
3750 3
3751 2
3752 2
3753 3
3754 4
3755 4
3756 2
3757 2
3758 4
3759 1
3760 1
3761 3
3762 3
3763 3
3764 1
3765 1
3766 1
3767 5
3768 2
3769 4
3770 5
3771 2
3772 0
3773 2
3774 2
3775 0
3776 4
3777 1
3778 2
3779 1
3780 2
3781 5
3782 1
3783 2
3784 0
3785 3
3786 2
3787 4
3788 4
3789 5
3790 1
3791 3
3792 4
3793 3
3794 4
3795 2
3796 2
3797 1
3798 2
3799 1
3800 2
3801 0
3802 3
3803 0
3804 1
3805 0
3806 1
3807 0
3808 5
3809 2
3810 1
3811 4
3812 0
3813 1
3814 1
3815 1
3816 2
3817 0
3818 0
3819 3
3820 3
3821 3
3822 2
3823 0
3824 2
3825 3
3826 2
3827 2
3828 0
3829 0
3830 1
3831 3
3832 3
3833 4
3834 1
3835 1
3836 3
3837 0
3838 2
3839 3
3840 0
3841 3
3842 2
3843 1
3844 1
3845 4
3846 3
3847 1
3848 0
3849 0
3850 1
3851 0
3852 4
3853 2
3854 1
3855 1
3856 0
3857 1
3858 3
3859 4
3860 0
3861 0
3862 0
3863 1
3864 4
3865 2
3866 2
3867 4
3868 4
3869 4
3870 2
3871 5
3872 1
3873 4
3874 2
3875 2
3876 3
3877 1
3878 1
3879 2
3880 3
3881 3
3882 0
3883 1
3884 3
3885 2
3886 2
3887 0
3888 1
3889 4
3890 2
3891 1
3892 3
3893 1
3894 4
3895 0
3896 2
3897 1
3898 2
3899 3
3900 2
3901 1
3902 1
3903 2
3904 3
3905 2
3906 3
3907 0
3908 3
3909 0
3910 1
3911 2
3912 0
3913 4
3914 2
3915 3
3916 3
3917 1
3918 2
3919 1
3920 3
3921 1
3922 1
3923 3
3924 1
3925 1
3926 4
3927 3
3928 3
3929 1
3930 2
3931 0
3932 2
3933 1
3934 2
3935 2
3936 0
3937 1
3938 0
3939 2
3940 4
3941 1
3942 5
3943 3
3944 4
3945 0
3946 2
3947 0
3948 0
3949 1
3950 2
3951 0
3952 2
3953 3
3954 0
3955 0
3956 3
3957 2
3958 0
3959 1
3960 1
3961 1
3962 2
3963 2
3964 1
3965 2
3966 1
3967 5
3968 2
3969 3
3970 2
3971 0
3972 3
3973 4
3974 3
3975 5
3976 0
3977 1
3978 4
3979 0
3980 3
3981 5
3982 2
3983 3
3984 3
3985 3
3986 2
3987 1
3988 2
3989 1
3990 4
3991 0
3992 0
3993 0
3994 0
3995 2
3996 2
3997 2
3998 0
3999 1
4000 1
4001 3
4002 4
4003 1
4004 3
4005 4
4006 0
4007 4
4008 5
4009 3
4010 2
4011 1
4012 1
4013 0
4014 0
4015 0
4016 1
4017 1
4018 1
4019 4
4020 1
4021 0
4022 2
4023 2
4024 1
4025 2
4026 2
4027 2
4028 1
4029 1
4030 0
4031 5
4032 0
4033 4
4034 3
4035 2
4036 0
4037 2
4038 3
4039 3
4040 0
4041 4
4042 0
4043 0
4044 0
4045 4
4046 1
4047 0
4048 0
4049 3
4050 3
4051 1
4052 3
4053 2
4054 2
4055 4
4056 1
4057 3
4058 0
4059 2
4060 1
4061 2
4062 5
4063 2
4064 4
4065 0
4066 1
4067 5
4068 1
4069 4
4070 0
4071 4
4072 1
4073 1
4074 4
4075 3
4076 1
4077 0
4078 0
4079 2
4080 1
4081 1
4082 3
4083 0
4084 3
4085 5
4086 3
4087 0
4088 1
4089 3
4090 1
4091 3
4092 4
4093 1
4094 1
4095 1
4096 1
4097 1
4098 3
4099 3
4100 4
4101 1
4102 3
4103 2
4104 3
4105 0
4106 4
4107 4
4108 0
4109 1
4110 2
4111 0
4112 1
4113 1
4114 3
4115 4
4116 1
4117 1
4118 0
4119 1
4120 3
4121 3
4122 1
4123 1
4124 2
4125 3
4126 1
4127 1
4128 1
4129 0
4130 0
4131 4
4132 2
4133 3
4134 0
4135 1
4136 4
4137 1
4138 1
4139 1
4140 3
4141 2
4142 5
4143 2
4144 1
4145 3
4146 2
4147 3
4148 3
4149 1
4150 4
4151 4
4152 0
4153 1
4154 0
4155 0
4156 2
4157 0
4158 0
4159 3
4160 2
4161 3
4162 0
4163 1
4164 2
4165 2
4166 4
4167 1
4168 2
4169 0
4170 2
4171 0
4172 0
4173 1
4174 3
4175 0
4176 0
4177 1
4178 2
4179 1
4180 0
4181 3
4182 3
4183 0
4184 4
4185 2
4186 0
4187 0
4188 3
4189 4
4190 1
4191 4
4192 0
4193 2
4194 0
4195 3
4196 0
4197 1
4198 5
4199 1
4200 0
4201 3
4202 4
4203 0
4204 2
4205 3
4206 1
4207 0
4208 3
4209 0
4210 4
4211 0
4212 2
4213 2
4214 2
4215 2
4216 3
4217 1
4218 3
4219 2
4220 3
4221 3
4222 0
4223 4
4224 4
4225 2
4226 1
4227 5
4228 4
4229 1
4230 0
4231 4
4232 1
4233 4
4234 5
4235 1
4236 2
4237 2
4238 4
4239 1
4240 0
4241 3
4242 1
4243 3
4244 1
4245 4
4246 2
4247 1
4248 3
4249 0
4250 1
4251 0
4252 0
4253 0
4254 3
4255 2
4256 4
4257 4
4258 2
4259 2
4260 1
4261 0
4262 0
4263 1
4264 1
4265 4
4266 1
4267 2
4268 1
4269 0
4270 3
4271 5
4272 3
4273 2
4274 4
4275 4
4276 2
4277 0
4278 5
4279 3
4280 0
4281 0
4282 3
4283 3
4284 1
4285 3
4286 1
4287 2
4288 2
4289 0
4290 2
4291 1
4292 0
4293 1
4294 4
4295 3
4296 1
4297 1
4298 0
4299 1
4300 0
4301 3
4302 4
4303 0
4304 0
4305 1
4306 2
4307 3
4308 0
4309 4
4310 1
4311 0
4312 0
4313 3
4314 1
4315 2
4316 2
4317 2
4318 2
4319 1
4320 1
4321 3
4322 2
4323 2
4324 2
4325 2
4326 0
4327 3
4328 2
4329 0
4330 4
4331 0
4332 2
4333 3
4334 0
4335 6
4336 0
4337 0
4338 1
4339 4
4340 2
4341 4
4342 1
4343 4
4344 1
4345 1
4346 3
4347 2
4348 4
4349 4
4350 2
4351 2
4352 3
4353 4
4354 1
4355 3
4356 0
4357 5
4358 0
4359 3
4360 3
4361 4
4362 2
4363 3
4364 1
4365 1
4366 1
4367 1
4368 4
4369 2
4370 4
4371 0
4372 0
4373 1
4374 1
4375 5
4376 1
4377 1
4378 3
4379 1
4380 0
4381 1
4382 0
4383 0
4384 1
4385 3
4386 2
4387 3
4388 1
4389 1
4390 2
4391 0
4392 5
4393 1
4394 3
4395 3
4396 3
4397 1
4398 3
4399 2
4400 5
4401 0
4402 0
4403 3
4404 3
4405 1
4406 1
4407 0
4408 2
4409 1
4410 1
4411 1
4412 3
4413 4
4414 3
4415 2
4416 3
4417 2
4418 3
4419 0
4420 3
4421 2
4422 2
4423 2
4424 3
4425 0
4426 0
4427 4
4428 1
4429 3
4430 1
4431 2
4432 5
4433 2
4434 1
4435 2
4436 1
4437 0
4438 1
4439 3
4440 1
4441 0
4442 3
4443 1
4444 4
4445 2
4446 4
4447 3
4448 5
4449 1
4450 2
4451 1
4452 4
4453 1
4454 1
4455 4
4456 3
4457 1
4458 0
4459 0
4460 1
4461 2
4462 1
4463 0
4464 0
4465 4
4466 2
4467 1
4468 1
4469 2
4470 2
4471 4
4472 0
4473 2
4474 4
4475 3
4476 0
4477 2
4478 2
4479 1
4480 2
4481 3
4482 0
4483 0
4484 5
4485 1
4486 0
4487 0
4488 1
4489 3
4490 3
4491 3
4492 2
4493 0
4494 1
4495 0
4496 2
4497 4
4498 1
4499 0
4500 2
4501 0
4502 0
4503 2
4504 0
4505 1
4506 2
4507 4
4508 3
4509 3
4510 1
4511 5
4512 3
4513 0
4514 3
4515 4
4516 5
4517 3
4518 0
4519 2
4520 3
4521 2
4522 4
4523 2
4524 0
4525 2
4526 4
4527 4
4528 2
4529 1
4530 2
4531 4
4532 3
4533 1
4534 0
4535 1
4536 5
4537 4
4538 0
4539 4
4540 1
4541 3
4542 3
4543 0
4544 1
4545 2
4546 1
4547 3
4548 0
4549 2
4550 2
4551 0
4552 1
4553 2
4554 1
4555 2
4556 2
4557 0
4558 4
4559 0
4560 4
4561 2
4562 3
4563 4
4564 3
4565 1
4566 4
4567 1
4568 1
4569 3
4570 3
4571 2
4572 2
4573 0
4574 0
4575 2
4576 3
4577 3
4578 3
4579 0
4580 2
4581 1
4582 5
4583 1
4584 2
4585 1
4586 3
4587 2
4588 2
4589 1
4590 1
4591 2
4592 5
4593 2
4594 1
4595 1
4596 1
4597 0
4598 0
4599 1
4600 2
4601 0
4602 0
4603 2
4604 5
4605 6
4606 4
4607 1
4608 4
4609 4
4610 2
4611 0
4612 2
4613 3
4614 4
4615 4
4616 2
4617 2
4618 3
4619 1
4620 0
4621 2
4622 2
4623 0
4624 5
4625 1
4626 2
4627 3
4628 4
4629 2
4630 0
4631 3
4632 6
4633 2
4634 3
4635 2
4636 3
4637 3
4638 2
4639 1
4640 0
4641 2
4642 0
4643 4
4644 0
4645 4
4646 3
4647 3
4648 2
4649 2
4650 0
4651 2
4652 2
4653 0
4654 4
4655 2
4656 0
4657 3
4658 2
4659 1
4660 0
4661 3
4662 4
4663 1
4664 3
4665 1
4666 0
4667 3
4668 4
4669 0
4670 1
4671 0
4672 0
4673 0
4674 4
4675 1
4676 2
4677 4
4678 4
4679 2
4680 4
4681 2
4682 1
4683 0
4684 1
4685 4
4686 4
4687 3
4688 3
4689 2
4690 3
4691 2
4692 5
4693 3
4694 3
4695 1
4696 3
4697 2
4698 3
4699 0
4700 3
4701 4
4702 0
4703 4
4704 0
4705 4
4706 4
4707 3
4708 1
4709 3
4710 0
4711 4
4712 0
4713 0
4714 3
4715 3
4716 0
4717 1
4718 4
4719 4
4720 0
4721 4
4722 4
4723 4
4724 2
4725 0
4726 2
4727 0
4728 5
4729 2
4730 6
4731 1
4732 4
4733 3
4734 4
4735 0
4736 4
4737 1
4738 2
4739 1
4740 0
4741 4
4742 3
4743 4
4744 1
4745 2
4746 1
4747 3
4748 5
4749 2
4750 0
4751 1
4752 0
4753 4
4754 1
4755 0
4756 1
4757 0
4758 3
4759 0
4760 1
4761 0
4762 0
4763 3
4764 1
4765 2
4766 4
4767 0
4768 3
4769 1
4770 4
4771 2
4772 1
4773 0
4774 1
4775 4
4776 3
4777 5
4778 4
4779 4
4780 4
4781 3
4782 1
4783 3
4784 4
4785 2
4786 0
4787 3
4788 0
4789 1
4790 4
4791 2
4792 1
4793 3
4794 4
4795 3
4796 4
4797 0
4798 0
4799 2
4800 2
4801 5
4802 3
4803 5
4804 2
4805 1
4806 1
4807 2
4808 5
4809 3
4810 4
4811 4
4812 0
4813 4
4814 2
4815 0
4816 2
4817 4
4818 3
4819 3
4820 2
4821 3
4822 3
4823 3
4824 0
4825 2
4826 1
4827 1
4828 2
4829 3
4830 5
4831 3
4832 1
4833 2
4834 0
4835 1
4836 3
4837 2
4838 1
4839 3
4840 2
4841 4
4842 4
4843 1
4844 2
4845 2
4846 0
4847 3
4848 3
4849 3
4850 2
4851 5
4852 2
4853 1
4854 3
4855 0
4856 2
4857 3
4858 1
4859 5
4860 2
4861 0
4862 1
4863 1
4864 2
4865 4
4866 2
4867 4
4868 0
4869 2
4870 0
4871 4
4872 5
4873 3
4874 5
4875 2
4876 2
4877 5
4878 0
4879 5
4880 2
4881 3
4882 4
4883 2
4884 2
4885 0
4886 2
4887 4
4888 0
4889 0
4890 3
4891 1
4892 5
4893 1
4894 4
4895 2
4896 2
4897 5
4898 3
4899 0
4900 0
4901 0
4902 3
4903 2
4904 1
4905 2
4906 1
4907 3
4908 1
4909 0
4910 2
4911 0
4912 1
4913 5
4914 0
4915 1
4916 3
4917 2
4918 1
4919 1
4920 3
4921 0
4922 4
4923 1
4924 0
4925 4
4926 5
4927 2
4928 3
4929 1
4930 1
4931 1
4932 3
4933 2
4934 2
4935 0
4936 4
4937 2
4938 1
4939 1
4940 2
4941 3
4942 1
4943 0
4944 6
4945 1
4946 3
4947 0
4948 1
4949 2
4950 4
4951 4
4952 1
4953 0
4954 3
4955 3
4956 3
4957 0
4958 3
4959 5
4960 1
4961 1
4962 5
4963 0
4964 1
4965 1
4966 1
4967 3
4968 3
4969 2
4970 1
4971 2
4972 0
4973 2
4974 0
4975 3
4976 4
4977 3
4978 3
4979 2
4980 1
4981 0
4982 4
4983 3
4984 1
4985 2
4986 0
4987 3
4988 2
4989 3
4990 3
4991 4
4992 2
4993 1
4994 4
4995 4
4996 2
4997 2
4998 1
4999 3
5000 3
5001 0
5002 1
5003 4
5004 0
5005 1
5006 1
5007 1
5008 4
5009 1
5010 0
5011 0
5012 3
5013 1
5014 5
5015 2
5016 3
5017 3
5018 4
5019 0
5020 2
5021 0
5022 3
5023 2
5024 5
5025 4
5026 3
5027 0
5028 0
5029 3
5030 5
5031 1
5032 0
5033 4
5034 2
5035 0
5036 4
5037 3
5038 2
5039 3
5040 5
5041 3
5042 0
5043 0
5044 2
5045 2
5046 4
5047 3
5048 2
5049 0
5050 0
5051 2
5052 2
5053 2
5054 3
5055 3
5056 1
5057 4
5058 2
5059 0
5060 0
5061 0
5062 4
5063 5
5064 1
5065 3
5066 3
5067 2
5068 3
5069 3
5070 3
5071 1
5072 0
5073 1
5074 4
5075 3
5076 0
5077 1
5078 2
5079 0
5080 0
5081 3
5082 5
5083 3
5084 1
5085 2
5086 3
5087 3
5088 1
5089 4
5090 1
5091 4
5092 4
5093 3
5094 1
5095 1
5096 0
5097 1
5098 1
5099 4
5100 2
5101 3
5102 1
5103 1
5104 0
5105 0
5106 3
5107 2
5108 0
5109 0
5110 3
5111 3
5112 1
5113 2
5114 3
5115 2
5116 0
5117 0
5118 1
5119 0
5120 1
5121 1
5122 3
5123 1
5124 0
5125 1
5126 2
5127 3
5128 4
5129 2
5130 2
5131 0
5132 2
5133 1
5134 5
5135 5
5136 1
5137 3
5138 4
5139 4
5140 0
5141 1
5142 5
5143 1
5144 2
5145 1
5146 5
5147 0
5148 3
5149 4
5150 0
5151 0
5152 3
5153 1
5154 0
5155 0
5156 3
5157 3
5158 3
5159 0
5160 4
5161 2
5162 3
5163 2
5164 6
5165 0
5166 1
5167 0
5168 0
5169 1
5170 2
5171 0
5172 1
5173 1
5174 1
5175 3
5176 1
5177 3
5178 1
5179 0
5180 5
5181 3
5182 3
5183 1
5184 4
5185 5
5186 4
5187 3
5188 1
5189 4
5190 3
5191 0
5192 0
5193 1
5194 3
5195 1
5196 2
5197 2
5198 1
5199 1
5200 0
5201 0
5202 2
5203 1
5204 0
5205 3
5206 1
5207 4
5208 2
5209 4
5210 0
5211 2
5212 2
5213 1
5214 1
5215 4
5216 1
5217 1
5218 2
5219 2
5220 3
5221 1
5222 0
5223 5
5224 1
5225 3
5226 4
5227 3
5228 3
5229 4
5230 2
5231 2
5232 1
5233 1
5234 1
5235 0
5236 4
5237 3
5238 3
5239 5
5240 3
5241 0
5242 4
5243 0
5244 1
5245 3
5246 3
5247 1
5248 2
5249 4
5250 4
5251 3
5252 0
5253 4
5254 0
5255 5
5256 5
5257 2
5258 0
5259 0
5260 1
5261 0
5262 2
5263 1
5264 3
5265 1
5266 1
5267 0
5268 1
5269 3
5270 1
5271 3
5272 5
5273 1
5274 4
5275 4
5276 2
5277 3
5278 2
5279 5
5280 1
5281 0
5282 3
5283 3
5284 1
5285 1
5286 1
5287 0
5288 0
5289 0
5290 0
5291 2
5292 0
5293 4
5294 3
5295 0
5296 0
5297 5
5298 3
5299 4
5300 2
5301 1
5302 1
5303 0
5304 4
5305 3
5306 5
5307 0
5308 4
5309 2
5310 5
5311 3
5312 5
5313 2
5314 3
5315 3
5316 2
5317 1
5318 0
5319 2
5320 4
5321 4
5322 1
5323 3
5324 4
5325 1
5326 0
5327 5
5328 0
5329 1
5330 4
5331 5
5332 1
5333 1
5334 4
5335 3
5336 1
5337 0
5338 5
5339 2
5340 2
5341 1
5342 3
5343 2
5344 3
5345 1
5346 0
5347 0
5348 0
5349 0
5350 0
5351 0
5352 2
5353 4
5354 1
5355 2
5356 1
5357 3
5358 4
5359 0
5360 1
5361 4
5362 1
5363 1
5364 1
5365 0
5366 3
5367 4
5368 2
5369 4
5370 0
5371 4
5372 1
5373 1
5374 3
5375 4
5376 0
5377 5
5378 4
5379 3
5380 1
5381 3
5382 2
5383 1
5384 0
5385 4
5386 3
5387 4
5388 5
5389 1
5390 2
5391 2
5392 3
5393 1
5394 3
5395 2
5396 3
5397 3
5398 0
5399 5
5400 3
5401 0
5402 3
5403 0
5404 0
5405 0
5406 2
5407 0
5408 1
5409 3
5410 4
5411 3
5412 3
5413 2
5414 3
5415 1
5416 4
5417 1
5418 1
5419 1
5420 1
5421 1
5422 3
5423 0
5424 2
5425 5
5426 0
5427 0
5428 0
5429 0
5430 3
5431 0
5432 0
5433 5
5434 5
5435 0
5436 4
5437 1
5438 1
5439 1
5440 4
5441 1
5442 2
5443 0
5444 0
5445 3
5446 0
5447 3
5448 4
5449 5
5450 1
5451 5
5452 4
5453 0
5454 4
5455 2
5456 0
5457 0
5458 0
5459 2
5460 0
5461 4
5462 0
5463 2
5464 0
5465 2
5466 2
5467 4
5468 3
5469 0
5470 3
5471 4
5472 2
5473 5
5474 4
5475 2
5476 1
5477 2
5478 3
5479 3
5480 3
5481 3
5482 3
5483 4
5484 1
5485 5
5486 1
5487 1
5488 3
5489 3
5490 3
5491 0
5492 1
5493 2
5494 3
5495 1
5496 0
5497 1
5498 1
5499 1
5500 3
5501 1
5502 2
5503 1
5504 3
5505 2
5506 3
5507 5
5508 2
5509 1
5510 3
5511 2
5512 3
5513 3
5514 2
5515 4
5516 4
5517 2
5518 0
5519 2
5520 1
5521 4
5522 2
5523 5
5524 4
5525 1
5526 2
5527 0
5528 6
5529 0
5530 3
5531 4
5532 2
5533 5
5534 5
5535 0
5536 2
5537 4
5538 2
5539 1
5540 1
5541 4
5542 2
5543 2
5544 0
5545 1
5546 4
5547 1
5548 1
5549 1
5550 4
5551 0
5552 4
5553 5
5554 1
5555 3
5556 1
5557 2
5558 2
5559 1
5560 0
5561 3
5562 1
5563 2
5564 6
5565 3
5566 5
5567 2
5568 1
5569 0
5570 0
5571 2
5572 1
5573 3
5574 0
5575 0
5576 0
5577 4
5578 3
5579 1
5580 3
5581 2
5582 1
5583 2
5584 4
5585 3
5586 2
5587 3
5588 0
5589 2
5590 4
5591 1
5592 3
5593 2
5594 2
5595 1
5596 2
5597 5
5598 1
5599 4
5600 1
5601 4
5602 3
5603 0
5604 5
5605 0
5606 3
5607 5
5608 1
5609 3
5610 1
5611 0
5612 2
5613 3
5614 2
5615 1
5616 0
5617 0
5618 4
5619 1
5620 0
5621 2
5622 1
5623 1
5624 1
5625 0
5626 3
5627 5
5628 2
5629 3
5630 6
5631 3
5632 2
5633 3
5634 1
5635 3
5636 5
5637 1
5638 4
5639 0
5640 0
5641 2
5642 0
5643 2
5644 3
5645 1
5646 0
5647 5
5648 1
5649 0
5650 0
5651 4
5652 1
5653 2
5654 2
5655 1
5656 1
5657 4
5658 3
5659 2
5660 0
5661 2
5662 4
5663 0
5664 0
5665 0
5666 4
5667 1
5668 1
5669 2
5670 0
5671 1
5672 4
5673 4
5674 2
5675 0
5676 4
5677 1
5678 3
5679 4
5680 1
5681 0
5682 4
5683 0
5684 4
5685 1
5686 4
5687 1
5688 5
5689 1
5690 1
5691 0
5692 2
5693 0
5694 1
5695 0
5696 0
5697 4
5698 2
5699 1
5700 1
5701 3
5702 6
5703 1
5704 3
5705 3
5706 0
5707 4
5708 0
5709 4
5710 3
5711 2
5712 3
5713 2
5714 0
5715 2
5716 1
5717 1
5718 1
5719 1
5720 0
5721 1
5722 4
5723 1
5724 0
5725 3
5726 0
5727 1
5728 1
5729 2
5730 3
5731 4
5732 3
5733 0
5734 2
5735 2
5736 1
5737 4
5738 0
5739 4
5740 0
5741 2
5742 1
5743 1
5744 4
5745 1
5746 1
5747 0
5748 0
5749 4
5750 0
5751 5
5752 4
5753 0
5754 2
5755 0
5756 4
5757 1
5758 4
5759 5
5760 4
5761 4
5762 4
5763 2
5764 2
5765 0
5766 2
5767 2
5768 2
5769 3
5770 4
5771 1
5772 2
5773 0
5774 1
5775 0
5776 1
5777 4
5778 0
5779 1
5780 5
5781 0
5782 1
5783 0
5784 0
5785 2
5786 2
5787 3
5788 1
5789 0
5790 2
5791 3
5792 5
5793 4
5794 1
5795 4
5796 2
5797 1
5798 0
5799 3
5800 0
5801 0
5802 2
5803 4
5804 2
5805 0
5806 1
5807 3
5808 4
5809 2
5810 1
5811 0
5812 4
5813 2
5814 2
5815 4
5816 0
5817 1
5818 4
5819 3
5820 5
5821 0
5822 2
5823 0
5824 4
5825 3
5826 0
5827 3
5828 0
5829 3
5830 0
5831 3
5832 2
5833 0
5834 4
5835 1
5836 3
5837 5
5838 0
5839 4
5840 1
5841 0
5842 1
5843 1
5844 2
5845 4
5846 2
5847 5
5848 3
5849 2
5850 3
5851 3
5852 4
5853 0
5854 3
5855 5
5856 5
5857 3
5858 2
5859 2
5860 1
5861 1
5862 1
5863 0
5864 4
5865 3
5866 4
5867 3
5868 1
5869 2
5870 2
5871 4
5872 3
5873 3
5874 2
5875 3
5876 3
5877 3
5878 5
5879 2
5880 4
5881 1
5882 2
5883 0
5884 1
5885 2
5886 1
5887 0
5888 2
5889 4
5890 5
5891 2
5892 3
5893 1
5894 3
5895 3
5896 5
5897 4
5898 3
5899 0
5900 5
5901 3
5902 1
5903 5
5904 1
5905 4
5906 0
5907 1
5908 4
5909 2
5910 2
5911 1
5912 5
5913 0
5914 4
5915 1
5916 4
5917 3
5918 2
5919 3
5920 5
5921 3
5922 0
5923 1
5924 0
5925 3
5926 1
5927 1
5928 1
5929 0
5930 3
5931 0
5932 1
5933 2
5934 1
5935 2
5936 1
5937 0
5938 1
5939 2
5940 1
5941 2
5942 0
5943 1
5944 3
5945 4
5946 1
5947 3
5948 4
5949 3
5950 4
5951 0
5952 3
5953 2
5954 3
5955 4
5956 0
5957 4
5958 3
5959 2
5960 3
5961 4
5962 4
5963 4
5964 2
5965 2
5966 0
5967 3
5968 4
5969 4
5970 2
5971 1
5972 2
5973 4
5974 5
5975 4
5976 4
5977 3
5978 4
5979 3
5980 2
5981 2
5982 0
5983 5
5984 4
5985 2
5986 0
5987 0
5988 2
5989 0
5990 4
5991 1
5992 1
5993 4
5994 2
5995 2
5996 0
5997 0
5998 2
5999 2
6000 1
6001 4
6002 3
6003 4
6004 2
6005 3
6006 1
6007 1
6008 1
6009 0
6010 4
6011 2
6012 5
6013 2
6014 0
6015 3
6016 2
6017 1
6018 0
6019 0
6020 0
6021 2
6022 0
6023 0
6024 1
6025 0
6026 3
6027 3
6028 0
6029 3
6030 2
6031 4
6032 0
6033 2
6034 4
6035 2
6036 0
6037 0
6038 2
6039 2
6040 1
6041 4
6042 4
6043 0
6044 2
6045 1
6046 0
6047 0
6048 3
6049 3
6050 0
6051 2
6052 6
6053 5
6054 3
6055 1
6056 2
6057 0
6058 2
6059 1
6060 1
6061 2
6062 0
6063 4
6064 2
6065 3
6066 2
6067 4
6068 0
6069 3
6070 2
6071 1
6072 3
6073 4
6074 2
6075 3
6076 3
6077 3
6078 4
6079 2
6080 1
6081 3
6082 0
6083 2
6084 0
6085 1
6086 2
6087 0
6088 2
6089 3
6090 2
6091 2
6092 3
6093 2
6094 4
6095 1
6096 0
6097 3
6098 3
6099 3
6100 0
6101 0
6102 4
6103 3
6104 0
6105 3
6106 3
6107 2
6108 3
6109 3
6110 5
6111 3
6112 4
6113 0
6114 3
6115 0
6116 0
6117 2
6118 3
6119 1
6120 4
6121 4
6122 3
6123 0
6124 2
6125 2
6126 3
6127 1
6128 1
6129 1
6130 3
6131 1
6132 3
6133 1
6134 0
6135 4
6136 2
6137 0
6138 0
6139 1
6140 4
6141 4
6142 0
6143 4
6144 1
6145 1
6146 4
6147 0
6148 0
6149 2
6150 5
6151 5
6152 4
6153 3
6154 1
6155 1
6156 1
6157 0
6158 0
6159 1
6160 3
6161 1
6162 0
6163 0
6164 4
6165 0
6166 0
6167 1
6168 0
6169 2
6170 5
6171 0
6172 2
6173 1
6174 3
6175 4
6176 2
6177 0
6178 5
6179 3
6180 3
6181 1
6182 4
6183 1
6184 5
6185 3
6186 2
6187 0
6188 5
6189 0
6190 1
6191 1
6192 5
6193 4
6194 3
6195 1
6196 3
6197 4
6198 4
6199 2
6200 0
6201 3
6202 2
6203 2
6204 0
6205 1
6206 2
6207 4
6208 2
6209 2
6210 1
6211 1
6212 1
6213 2
6214 0
6215 5
6216 2
6217 5
6218 1
6219 3
6220 3
6221 1
6222 4
6223 1
6224 5
6225 0
6226 3
6227 1
6228 1
6229 0
6230 2
6231 0
6232 2
6233 2
6234 2
6235 0
6236 4
6237 3
6238 1
6239 3
6240 0
6241 1
6242 0
6243 1
6244 2
6245 3
6246 0
6247 1
6248 3
6249 5
6250 4
6251 1
6252 1
6253 2
6254 2
6255 2
6256 3
6257 4
6258 3
6259 3
6260 1
6261 4
6262 3
6263 2
6264 3
6265 2
6266 3
6267 4
6268 2
6269 3
6270 2
6271 3
6272 2
6273 1
6274 1
6275 2
6276 4
6277 2
6278 1
6279 2
6280 0
6281 4
6282 1
6283 1
6284 2
6285 2
6286 3
6287 0
6288 0
6289 0
6290 1
6291 0
6292 1
6293 3
6294 3
6295 2
6296 2
6297 3
6298 1
6299 1
6300 1
6301 3
6302 0
6303 3
6304 0
6305 4
6306 0
6307 1
6308 2
6309 0
6310 5
6311 4
6312 5
6313 2
6314 3
6315 1
6316 1
6317 4
6318 5
6319 3
6320 4
6321 2
6322 4
6323 0
6324 1
6325 3
6326 2
6327 3
6328 2
6329 1
6330 1
6331 1
6332 1
6333 0
6334 4
6335 2
6336 1
6337 1
6338 1
6339 1
6340 2
6341 1
6342 5
6343 5
6344 4
6345 3
6346 1
6347 3
6348 4
6349 2
6350 1
6351 1
6352 2
6353 0
6354 2
6355 1
6356 3
6357 2
6358 1
6359 3
6360 1
6361 0
6362 4
6363 4
6364 2
6365 0
6366 1
6367 2
6368 2
6369 3
6370 4
6371 0
6372 1
6373 4
6374 3
6375 3
6376 3
6377 1
6378 4
6379 3
6380 0
6381 2
6382 2
6383 2
6384 3
6385 3
6386 0
6387 0
6388 1
6389 2
6390 4
6391 1
6392 2
6393 1
6394 2
6395 3
6396 0
6397 3
6398 2
6399 0
6400 1
6401 4
6402 4
6403 2
6404 1
6405 1
6406 4
6407 5
6408 0
6409 2
6410 0
6411 5
6412 2
6413 0
6414 4
6415 0
6416 1
6417 1
6418 1
6419 3
6420 3
6421 4
6422 0
6423 4
6424 5
6425 1
6426 2
6427 1
6428 1
6429 4
6430 5
6431 3
6432 2
6433 1
6434 1
6435 3
6436 0
6437 4
6438 5
6439 3
6440 1
6441 3
6442 3
6443 3
6444 3
6445 4
6446 4
6447 3
6448 0
6449 1
6450 3
6451 2
6452 3
6453 2
6454 5
6455 4
6456 3
6457 1
6458 0
6459 0
6460 4
6461 3
6462 3
6463 2
6464 5
6465 4
6466 2
6467 0
6468 3
6469 0
6470 1
6471 0
6472 0
6473 0
6474 2
6475 0
6476 0
6477 3
6478 2
6479 2
6480 4
6481 4
6482 5
6483 1
6484 4
6485 4
6486 4
6487 2
6488 4
6489 1
6490 2
6491 5
6492 2
6493 0
6494 5
6495 0
6496 5
6497 3
6498 1
6499 5
6500 2
6501 4
6502 2
6503 3
6504 2
6505 0
6506 0
6507 1
6508 2
6509 4
6510 0
6511 2
6512 0
6513 5
6514 0
6515 2
6516 3
6517 2
6518 4
6519 2
6520 3
6521 0
6522 0
6523 2
6524 2
6525 2
6526 2
6527 5
6528 4
6529 3
6530 0
6531 3
6532 0
6533 2
6534 0
6535 0
6536 1
6537 3
6538 5
6539 1
6540 3
6541 1
6542 3
6543 3
6544 0
6545 0
6546 4
6547 2
6548 4
6549 1
6550 3
6551 3
6552 1
6553 2
6554 1
6555 4
6556 2
6557 5
6558 5
6559 2
6560 3
6561 1
6562 0
6563 3
6564 2
6565 6
6566 0
6567 0
6568 2
6569 4
6570 1
6571 3
6572 0
6573 5
6574 0
6575 2
6576 5
6577 4
6578 4
6579 1
6580 0
6581 3
6582 3
6583 1
6584 2
6585 1
6586 2
6587 0
6588 0
6589 1
6590 4
6591 0
6592 2
6593 4
6594 2
6595 2
6596 2
6597 2
6598 1
6599 2
6600 1
6601 1
6602 1
6603 5
6604 3
6605 1
6606 1
6607 1
6608 3
6609 4
6610 4
6611 2
6612 0
6613 0
6614 5
6615 2
6616 1
6617 4
6618 4
6619 0
6620 3
6621 3
6622 1
6623 4
6624 3
6625 1
6626 3
6627 0
6628 3
6629 1
6630 2
6631 2
6632 3
6633 3
6634 4
6635 3
6636 2
6637 0
6638 2
6639 3
6640 5
6641 3
6642 3
6643 4
6644 0
6645 1
6646 3
6647 3
6648 1
6649 0
6650 2
6651 5
6652 0
6653 2
6654 2
6655 1
6656 4
6657 2
6658 2
6659 4
6660 0
6661 2
6662 4
6663 3
6664 1
6665 2
6666 3
6667 0
6668 2
6669 0
6670 0
6671 0
6672 1
6673 3
6674 4
6675 4
6676 1
6677 1
6678 0
6679 0
6680 0
6681 0
6682 0
6683 3
6684 2
6685 0
6686 5
6687 0
6688 2
6689 4
6690 2
6691 3
6692 0
6693 1
6694 4
6695 2
6696 3
6697 0
6698 5
6699 1
6700 2
6701 0
6702 3
6703 4
6704 3
6705 2
6706 2
6707 1
6708 0
6709 4
6710 2
6711 3
6712 2
6713 2
6714 0
6715 3
6716 2
6717 4
6718 1
6719 1
6720 4
6721 4
6722 2
6723 0
6724 2
6725 2
6726 0
6727 1
6728 2
6729 2
6730 3
6731 3
6732 0
6733 0
6734 2
6735 1
6736 3
6737 4
6738 3
6739 3
6740 1
6741 1
6742 3
6743 4
6744 5
6745 1
6746 0
6747 0
6748 1
6749 0
6750 4
6751 1
6752 3
6753 2
6754 0
6755 0
6756 3
6757 4
6758 0
6759 3
6760 4
6761 0
6762 0
6763 0
6764 5
6765 0
6766 3
6767 3
6768 1
6769 5
6770 4
6771 2
6772 2
6773 3
6774 1
6775 2
6776 1
6777 4
6778 1
6779 2
6780 1
6781 4
6782 2
6783 3
6784 3
6785 3
6786 2
6787 1
6788 0
6789 3
6790 0
6791 1
6792 0
6793 0
6794 1
6795 4
6796 0
6797 3
6798 1
6799 4
6800 3
6801 2
6802 3
6803 5
6804 2
6805 3
6806 1
6807 4
6808 3
6809 2
6810 2
6811 3
6812 1
6813 0
6814 1
6815 1
6816 0
6817 0
6818 2
6819 4
6820 2
6821 0
6822 0
6823 0
6824 4
6825 1
6826 1
6827 1
6828 0
6829 0
6830 2
6831 0
6832 3
6833 4
6834 5
6835 0
6836 2
6837 4
6838 4
6839 2
6840 5
6841 3
6842 3
6843 2
6844 5
6845 3
6846 0
6847 3
6848 2
6849 2
6850 4
6851 2
6852 5
6853 4
6854 2
6855 4
6856 4
6857 1
6858 3
6859 0
6860 0
6861 1
6862 2
6863 4
6864 1
6865 0
6866 2
6867 0
6868 1
6869 2
6870 4
6871 5
6872 2
6873 2
6874 0
6875 1
6876 2
6877 3
6878 2
6879 4
6880 1
6881 4
6882 0
6883 2
6884 0
6885 1
6886 2
6887 0
6888 4
6889 3
6890 5
6891 2
6892 1
6893 1
6894 1
6895 1
6896 1
6897 0
6898 4
6899 5
6900 4
6901 0
6902 2
6903 2
6904 3
6905 1
6906 1
6907 2
6908 3
6909 3
6910 2
6911 1
6912 0
6913 2
6914 5
6915 6
6916 4
6917 3
6918 1
6919 4
6920 0
6921 0
6922 0
6923 2
6924 3
6925 3
6926 2
6927 1
6928 1
6929 2
6930 4
6931 2
6932 0
6933 1
6934 0
6935 2
6936 4
6937 2
6938 3
6939 3
6940 3
6941 4
6942 3
6943 3
6944 3
6945 3
6946 0
6947 2
6948 5
6949 4
6950 1
6951 2
6952 3
6953 2
6954 4
6955 0
6956 2
6957 3
6958 4
6959 3
6960 0
6961 3
6962 3
6963 1
6964 1
6965 4
6966 1
6967 0
6968 1
6969 0
6970 4
6971 3
6972 2
6973 4
6974 3
6975 1
6976 2
6977 1
6978 2
6979 1
6980 2
6981 2
6982 2
6983 1
6984 4
6985 0
6986 0
6987 4
6988 4
6989 3
6990 0
6991 1
6992 3
6993 2
6994 1
6995 1
6996 2
6997 1
6998 2
6999 5
7000 4
7001 0
7002 2
7003 3
7004 3
7005 2
7006 5
7007 1
7008 0
7009 0
7010 0
7011 1
7012 2
7013 2
7014 4
7015 0
7016 2
7017 4
7018 1
7019 1
7020 1
7021 4
7022 1
7023 4
7024 4
7025 3
7026 2
7027 3
7028 4
7029 0
7030 0
7031 1
7032 4
7033 4
7034 0
7035 4
7036 2
7037 4
7038 0
7039 0
7040 3
7041 0
7042 3
7043 4
7044 3
7045 0
7046 3
7047 0
7048 1
7049 3
7050 3
7051 4
7052 5
7053 0
7054 4
7055 1
7056 1
7057 2
7058 0
7059 2
7060 3
7061 2
7062 1
7063 0
7064 1
7065 4
7066 2
7067 3
7068 0
7069 2
7070 3
7071 1
7072 0
7073 1
7074 3
7075 1
7076 5
7077 3
7078 0
7079 2
7080 4
7081 2
7082 2
7083 5
7084 0
7085 5
7086 1
7087 3
7088 3
7089 0
7090 0
7091 3
7092 3
7093 2
7094 3
7095 1
7096 5
7097 3
7098 3
7099 3
7100 0
7101 0
7102 3
7103 0
7104 3
7105 1
7106 2
7107 5
7108 1
7109 2
7110 4
7111 0
7112 2
7113 2
7114 3
7115 2
7116 4
7117 0
7118 4
7119 5
7120 3
7121 1
7122 0
7123 3
7124 0
7125 3
7126 1
7127 1
7128 4
7129 4
7130 5
7131 2
7132 1
7133 0
7134 3
7135 3
7136 0
7137 2
7138 3
7139 3
7140 3
7141 0
7142 1
7143 1
7144 4
7145 2
7146 3
7147 3
7148 1
7149 3
7150 1
7151 0
7152 2
7153 3
7154 0
7155 2
7156 1
7157 3
7158 3
7159 0
7160 0
7161 0
7162 1
7163 2
7164 5
7165 3
7166 2
7167 2
7168 0
7169 0
7170 4
7171 2
7172 1
7173 2
7174 3
7175 1
7176 4
7177 3
7178 4
7179 0
7180 4
7181 4
7182 0
7183 5
7184 3
7185 3
7186 5
7187 2
7188 3
7189 3
7190 1
7191 3
7192 3
7193 1
7194 3
7195 0
7196 1
7197 1
7198 4
7199 1
7200 1
7201 3
7202 2
7203 1
7204 0
7205 4
7206 1
7207 5
7208 0
7209 1
7210 0
7211 1
7212 4
7213 2
7214 2
7215 2
7216 1
7217 0
7218 0
7219 4
7220 2
7221 1
7222 3
7223 0
7224 2
7225 2
7226 4
7227 1
7228 6
7229 0
7230 4
7231 3
7232 4
7233 0
7234 0
7235 4
7236 0
7237 4
7238 5
7239 1
7240 2
7241 0
7242 1
7243 1
7244 0
7245 5
7246 3
7247 0
7248 3
7249 1
7250 3
7251 0
7252 4
7253 0
7254 4
7255 1
7256 5
7257 2
7258 2
7259 0
7260 3
7261 1
7262 0
7263 1
7264 4
7265 2
7266 0
7267 1
7268 3
7269 4
7270 2
7271 3
7272 3
7273 5
7274 4
7275 1
7276 3
7277 3
7278 1
7279 3
7280 2
7281 0
7282 0
7283 1
7284 0
7285 0
7286 0
7287 2
7288 4
7289 2
7290 2
7291 5
7292 3
7293 5
7294 1
7295 0
7296 0
7297 0
7298 4
7299 3
7300 0
7301 2
7302 3
7303 1
7304 3
7305 0
7306 1
7307 1
7308 1
7309 4
7310 2
7311 4
7312 4
7313 0
7314 2
7315 2
7316 2
7317 2
7318 2
7319 1
7320 1
7321 6
7322 1
7323 4
7324 3
7325 3
7326 1
7327 2
7328 2
7329 4
7330 2
7331 2
7332 2
7333 1
7334 1
7335 4
7336 0
7337 2
7338 4
7339 4
7340 1
7341 2
7342 0
7343 1
7344 3
7345 0
7346 3
7347 2
7348 2
7349 1
7350 4
7351 1
7352 0
7353 1
7354 1
7355 3
7356 0
7357 1
7358 4
7359 4
7360 3
7361 5
7362 1
7363 1
7364 1
7365 5
7366 3
7367 3
7368 1
7369 3
7370 3
7371 0
7372 0
7373 3
7374 3
7375 0
7376 3
7377 4
7378 2
7379 1
7380 0
7381 1
7382 0
7383 3
7384 0
7385 4
7386 3
7387 3
7388 5
7389 2
7390 1
7391 2
7392 5
7393 2
7394 3
7395 0
7396 3
7397 4
7398 2
7399 1
7400 4
7401 2
7402 4
7403 3
7404 2
7405 2
7406 3
7407 3
7408 4
7409 2
7410 2
7411 1
7412 5
7413 3
7414 2
7415 2
7416 6
7417 1
7418 1
7419 0
7420 3
7421 4
7422 0
7423 4
7424 1
7425 4
7426 0
7427 1
7428 0
7429 4
7430 1
7431 4
7432 3
7433 2
7434 1
7435 1
7436 3
7437 5
7438 0
7439 0
7440 3
7441 1
7442 0
7443 4
7444 2
7445 4
7446 1
7447 1
7448 4
7449 2
7450 0
7451 1
7452 5
7453 0
7454 2
7455 0
7456 1
7457 3
7458 4
7459 4
7460 2
7461 4
7462 1
7463 1
7464 1
7465 2
7466 1
7467 0
7468 4
7469 1
7470 0
7471 4
7472 2
7473 4
7474 1
7475 5
7476 3
7477 1
7478 3
7479 2
7480 1
7481 3
7482 1
7483 1
7484 3
7485 3
7486 5
7487 1
7488 0
7489 4
7490 5
7491 0
7492 1
7493 0
7494 2
7495 1
7496 1
7497 1
7498 1
7499 1
7500 1
7501 0
7502 0
7503 3
7504 2
7505 3
7506 0
7507 1
7508 3
7509 4
7510 3
7511 0
7512 3
7513 2
7514 0
7515 5
7516 2
7517 1
7518 2
7519 3
7520 0
7521 5
7522 4
7523 1
7524 3
7525 5
7526 1
7527 3
7528 0
7529 2
7530 3
7531 1
7532 0
7533 2
7534 1
7535 2
7536 5
7537 2
7538 1
7539 5
7540 0
7541 1
7542 2
7543 0
7544 1
7545 3
7546 2
7547 2
7548 0
7549 4
7550 1
7551 2
7552 1
7553 2
7554 1
7555 6
7556 0
7557 3
7558 0
7559 2
7560 4
7561 4
7562 3
7563 3
7564 3
7565 2
7566 3
7567 3
7568 1
7569 2
7570 5
7571 3
7572 2
7573 1
7574 1
7575 1
7576 0
7577 1
7578 1
7579 4
7580 2
7581 2
7582 5
7583 3
7584 3
7585 4
7586 0
7587 4
7588 2
7589 2
7590 2
7591 3
7592 0
7593 5
7594 4
7595 0
7596 5
7597 4
7598 1
7599 3
7600 1
7601 2
7602 0
7603 5
7604 3
7605 1
7606 1
7607 3
7608 3
7609 3
7610 1
7611 0
7612 2
7613 3
7614 2
7615 0
7616 2
7617 1
7618 1
7619 3
7620 2
7621 0
7622 3
7623 0
7624 2
7625 0
7626 4
7627 2
7628 5
7629 3
7630 1
7631 2
7632 2
7633 5
7634 1
7635 4
7636 4
7637 3
7638 5
7639 2
7640 2
7641 0
7642 2
7643 4
7644 1
7645 2
7646 1
7647 4
7648 4
7649 3
7650 2
7651 1
7652 1
7653 4
7654 4
7655 4
7656 2
7657 1
7658 0
7659 0
7660 2
7661 3
7662 1
7663 3
7664 2
7665 4
7666 4
7667 5
7668 5
7669 5
7670 3
7671 0
7672 2
7673 4
7674 0
7675 3
7676 4
7677 1
7678 1
7679 1
7680 2
7681 6
7682 4
7683 0
7684 5
7685 0
7686 0
7687 4
7688 0
7689 0
7690 0
7691 0
7692 5
7693 1
7694 2
7695 0
7696 4
7697 2
7698 0
7699 1
7700 3
7701 4
7702 4
7703 3
7704 2
7705 0
7706 2
7707 4
7708 2
7709 5
7710 3
7711 3
7712 3
7713 4
7714 2
7715 2
7716 4
7717 3
7718 0
7719 3
7720 4
7721 0
7722 3
7723 5
7724 2
7725 2
7726 5
7727 3
7728 4
7729 4
7730 4
7731 2
7732 0
7733 4
7734 0
7735 2
7736 2
7737 3
7738 3
7739 1
7740 6
7741 1
7742 1
7743 3
7744 2
7745 5
7746 0
7747 0
7748 1
7749 1
7750 1
7751 1
7752 3
7753 0
7754 2
7755 3
7756 0
7757 0
7758 4
7759 4
7760 2
7761 0
7762 3
7763 3
7764 2
7765 3
7766 0
7767 1
7768 1
7769 2
7770 0
7771 0
7772 2
7773 4
7774 2
7775 3
7776 1
7777 0
7778 2
7779 2
7780 0
7781 2
7782 3
7783 3
7784 3
7785 4
7786 1
7787 4
7788 0
7789 1
7790 0
7791 3
7792 0
7793 2
7794 4
7795 0
7796 1
7797 4
7798 1
7799 2
7800 1
7801 0
7802 2
7803 2
7804 2
7805 2
7806 2
7807 1
7808 3
7809 0
7810 1
7811 2
7812 0
7813 2
7814 4
7815 2
7816 1
7817 5
7818 3
7819 3
7820 1
7821 3
7822 0
7823 3
7824 4
7825 2
7826 4
7827 1
7828 4
7829 5
7830 2
7831 0
7832 1
7833 4
7834 1
7835 5
7836 2
7837 5
7838 0
7839 5
7840 0
7841 1
7842 3
7843 2
7844 3
7845 3
7846 1
7847 4
7848 2
7849 2
7850 4
7851 4
7852 1
7853 4
7854 0
7855 1
7856 1
7857 3
7858 0
7859 4
7860 2
7861 4
7862 3
7863 1
7864 5
7865 2
7866 4
7867 0
7868 0
7869 4
7870 3
7871 2
7872 2
7873 3
7874 3
7875 3
7876 4
7877 4
7878 2
7879 0
7880 0
7881 1
7882 1
7883 5
7884 2
7885 0
7886 1
7887 5
7888 4
7889 2
7890 0
7891 3
7892 3
7893 2
7894 4
7895 1
7896 1
7897 1
7898 0
7899 2
7900 1
7901 1
7902 1
7903 3
7904 3
7905 1
7906 1
7907 3
7908 1
7909 3
7910 0
7911 1
7912 4
7913 1
7914 4
7915 0
7916 2
7917 4
7918 3
7919 4
7920 5
7921 0
7922 3
7923 1
7924 4
7925 1
7926 4
7927 0
7928 4
7929 1
7930 2
7931 1
7932 0
7933 1
7934 1
7935 2
7936 5
7937 3
7938 0
7939 0
7940 1
7941 2
7942 3
7943 0
7944 1
7945 3
7946 0
7947 3
7948 1
7949 4
7950 4
7951 2
7952 0
7953 4
7954 1
7955 3
7956 2
7957 2
7958 0
7959 2
7960 2
7961 0
7962 2
7963 1
7964 5
7965 0
7966 3
7967 2
7968 3
7969 5
7970 1
7971 4
7972 1
7973 0
7974 1
7975 2
7976 0
7977 1
7978 0
7979 3
7980 2
7981 3
7982 6
7983 1
7984 2
7985 4
7986 3
7987 1
7988 5
7989 2
7990 4
7991 4
7992 2
7993 1
7994 5
7995 4
7996 1
7997 4
7998 3
7999 3
8000 0
8001 2
8002 2
8003 1
8004 0
8005 4
8006 3
8007 1
8008 0
8009 4
8010 0
8011 3
8012 4
8013 5
8014 0
8015 3
8016 0
8017 3
8018 4
8019 4
8020 1
8021 3
8022 4
8023 2
8024 0
8025 1
8026 1
8027 4
8028 0
8029 1
8030 0
8031 2
8032 1
8033 3
8034 2
8035 1
8036 0
8037 1
8038 1
8039 2
8040 3
8041 3
8042 5
8043 1
8044 1
8045 4
8046 0
8047 4
8048 3
8049 2
8050 1
8051 2
8052 2
8053 3
8054 0
8055 2
8056 3
8057 1
8058 2
8059 0
8060 2
8061 4
8062 3
8063 0
8064 4
8065 1
8066 1
8067 0
8068 2
8069 4
8070 2
8071 5
8072 4
8073 5
8074 4
8075 3
8076 2
8077 3
8078 1
8079 1
8080 3
8081 3
8082 0
8083 2
8084 0
8085 0
8086 4
8087 1
8088 1
8089 0
8090 2
8091 1
8092 4
8093 0
8094 3
8095 2
8096 4
8097 3
8098 2
8099 5
8100 3
8101 5
8102 1
8103 2
8104 0
8105 3
8106 3
8107 1
8108 0
8109 1
8110 4
8111 4
8112 4
8113 3
8114 5
8115 1
8116 0
8117 2
8118 1
8119 1
8120 1
8121 1
8122 1
8123 5
8124 0
8125 2
8126 1
8127 4
8128 1
8129 1
8130 4
8131 1
8132 1
8133 3
8134 3
8135 3
8136 2
8137 2
8138 2
8139 5
8140 4
8141 1
8142 2
8143 1
8144 0
8145 2
8146 0
8147 3
8148 0
8149 5
8150 2
8151 0
8152 5
8153 4
8154 0
8155 5
8156 1
8157 0
8158 1
8159 4
8160 3
8161 3
8162 2
8163 2
8164 4
8165 5
8166 4
8167 1
8168 1
8169 3
8170 5
8171 2
8172 5
8173 0
8174 4
8175 0
8176 2
8177 3
8178 2
8179 4
8180 1
8181 3
8182 4
8183 5
8184 2
8185 4
8186 2
8187 0
8188 1
8189 1
8190 1
8191 4
8192 4
8193 0
8194 4
8195 2
8196 4
8197 0
8198 2
8199 0
8200 1
8201 1
8202 0
8203 2
8204 4
8205 5
8206 4
8207 2
8208 0
8209 2
8210 0
8211 4
8212 4
8213 5
8214 2
8215 1
8216 1
8217 3
8218 0
8219 1
8220 3
8221 2
8222 3
8223 1
8224 1
8225 6
8226 2
8227 0
8228 0
8229 4
8230 4
8231 0
8232 1
8233 2
8234 0
8235 1
8236 5
8237 0
8238 1
8239 1
8240 1
8241 3
8242 1
8243 3
8244 3
8245 0
8246 4
8247 3
8248 2
8249 1
8250 4
8251 4
8252 4
8253 0
8254 0
8255 1
8256 3
8257 0
8258 4
8259 1
8260 1
8261 3
8262 0
8263 2
8264 3
8265 1
8266 0
8267 2
8268 0
8269 0
8270 0
8271 4
8272 2
8273 1
8274 0
8275 2
8276 1
8277 2
8278 0
8279 0
8280 3
8281 0
8282 0
8283 4
8284 1
8285 1
8286 2
8287 0
8288 5
8289 4
8290 4
8291 3
8292 1
8293 2
8294 2
8295 0
8296 1
8297 4
8298 1
8299 0
8300 0
8301 1
8302 4
8303 4
8304 5
8305 0
8306 3
8307 2
8308 0
8309 3
8310 0
8311 1
8312 4
8313 2
8314 1
8315 3
8316 4
8317 2
8318 2
8319 4
8320 4
8321 2
8322 0
8323 4
8324 2
8325 0
8326 1
8327 4
8328 0
8329 1
8330 0
8331 4
8332 0
8333 2
8334 2
8335 3
8336 2
8337 1
8338 4
8339 0
8340 2
8341 5
8342 3
8343 0
8344 0
8345 2
8346 0
8347 2
8348 3
8349 1
8350 3
8351 1
8352 3
8353 3
8354 5
8355 3
8356 2
8357 0
8358 0
8359 1
8360 2
8361 0
8362 0
8363 5
8364 1
8365 1
8366 0
8367 3
8368 5
8369 1
8370 5
8371 4
8372 0
8373 4
8374 2
8375 1
8376 4
8377 0
8378 2
8379 2
8380 1
8381 4
8382 2
8383 4
8384 3
8385 4
8386 3
8387 4
8388 4
8389 3
8390 1
8391 2
8392 4
8393 1
8394 5
8395 5
8396 4
8397 3
8398 4
8399 0
8400 2
8401 0
8402 1
8403 0
8404 0
8405 2
8406 3
8407 2
8408 1
8409 2
8410 4
8411 5
8412 3
8413 4
8414 2
8415 2
8416 3
8417 0
8418 5
8419 2
8420 3
8421 1
8422 3
8423 0
8424 4
8425 2
8426 5
8427 2
8428 1
8429 2
8430 0
8431 2
8432 4
8433 1
8434 2
8435 5
8436 0
8437 1
8438 5
8439 1
8440 2
8441 2
8442 1
8443 3
8444 3
8445 4
8446 1
8447 2
8448 2
8449 2
8450 1
8451 4
8452 3
8453 1
8454 2
8455 1
8456 3
8457 3
8458 0
8459 2
8460 1
8461 1
8462 1
8463 0
8464 0
8465 4
8466 2
8467 3
8468 0
8469 1
8470 2
8471 3
8472 5
8473 0
8474 2
8475 2
8476 1
8477 1
8478 0
8479 2
8480 1
8481 0
8482 4
8483 4
8484 2
8485 1
8486 0
8487 0
8488 3
8489 3
8490 1
8491 4
8492 2
8493 2
8494 2
8495 5
8496 3
8497 0
8498 3
8499 3
8500 1
8501 3
8502 3
8503 4
8504 5
8505 3
8506 3
8507 1
8508 1
8509 3
8510 1
8511 4
8512 1
8513 0
8514 0
8515 0
8516 0
8517 4
8518 2
8519 0
8520 0
8521 3
8522 3
8523 2
8524 0
8525 4
8526 0
8527 0
8528 4
8529 3
8530 0
8531 0
8532 1
8533 3
8534 0
8535 4
8536 2
8537 4
8538 1
8539 2
8540 3
8541 1
8542 3
8543 3
8544 0
8545 4
8546 2
8547 0
8548 3
8549 0
8550 3
8551 4
8552 0
8553 3
8554 1
8555 3
8556 1
8557 1
8558 3
8559 0
8560 3
8561 1
8562 2
8563 4
8564 4
8565 4
8566 2
8567 0
8568 3
8569 1
8570 5
8571 1
8572 4
8573 1
8574 2
8575 3
8576 3
8577 2
8578 1
8579 3
8580 2
8581 2
8582 1
8583 2
8584 2
8585 5
8586 2
8587 1
8588 2
8589 0
8590 4
8591 4
8592 4
8593 3
8594 4
8595 2
8596 1
8597 2
8598 0
8599 0
8600 1
8601 2
8602 1
8603 0
8604 3
8605 0
8606 2
8607 3
8608 0
8609 2
8610 5
8611 1
8612 2
8613 4
8614 0
8615 3
8616 4
8617 3
8618 3
8619 1
8620 1
8621 0
8622 3
8623 1
8624 1
8625 2
8626 0
8627 1
8628 3
8629 3
8630 0
8631 0
8632 4
8633 5
8634 2
8635 3
8636 1
8637 5
8638 2
8639 2
8640 1
8641 3
8642 2
8643 2
8644 0
8645 2
8646 4
8647 3
8648 2
8649 0
8650 2
8651 5
8652 1
8653 2
8654 0
8655 0
8656 3
8657 2
8658 0
8659 2
8660 4
8661 2
8662 3
8663 1
8664 1
8665 2
8666 4
8667 3
8668 2
8669 1
8670 2
8671 1
8672 2
8673 1
8674 0
8675 4
8676 5
8677 4
8678 2
8679 0
8680 0
8681 1
8682 4
8683 5
8684 3
8685 3
8686 2
8687 1
8688 0
8689 2
8690 5
8691 4
8692 2
8693 0
8694 3
8695 5
8696 0
8697 5
8698 5
8699 5
8700 5
8701 4
8702 0
8703 3
8704 4
8705 4
8706 2
8707 4
8708 4
8709 1
8710 2
8711 5
8712 6
8713 0
8714 1
8715 3
8716 4
8717 1
8718 3
8719 5
8720 4
8721 1
8722 3
8723 4
8724 4
8725 1
8726 4
8727 1
8728 1
8729 0
8730 2
8731 1
8732 1
8733 3
8734 3
8735 3
8736 2
8737 3
8738 3
8739 0
8740 3
8741 1
8742 4
8743 0
8744 1
8745 0
8746 4
8747 4
8748 4
8749 3
8750 2
8751 1
8752 2
8753 2
8754 2
8755 1
8756 0
8757 0
8758 2
8759 5
8760 2
8761 3
8762 0
8763 3
8764 0
8765 2
8766 0
8767 5
8768 2
8769 2
8770 2
8771 2
8772 2
8773 2
8774 5
8775 1
8776 1
8777 0
8778 1
8779 0
8780 3
8781 2
8782 1
8783 3
8784 0
8785 0
8786 0
8787 4
8788 2
8789 0
8790 1
8791 0
8792 0
8793 3
8794 4
8795 1
8796 1
8797 4
8798 2
8799 4
8800 4
8801 3
8802 2
8803 3
8804 2
8805 3
8806 5
8807 1
8808 3
8809 1
8810 4
8811 2
8812 2
8813 1
8814 1
8815 3
8816 2
8817 2
8818 1
8819 0
8820 2
8821 1
8822 1
8823 2
8824 0
8825 3
8826 0
8827 0
8828 0
8829 4
8830 2
8831 3
8832 4
8833 4
8834 2
8835 4
8836 4
8837 1
8838 3
8839 2
8840 0
8841 2
8842 0
8843 2
8844 2
8845 3
8846 3
8847 2
8848 2
8849 2
8850 2
8851 4
8852 5
8853 4
8854 4
8855 0
8856 0
8857 0
8858 3
8859 5
8860 0
8861 0
8862 4
8863 3
8864 3
8865 2
8866 2
8867 4
8868 2
8869 4
8870 2
8871 0
8872 2
8873 4
8874 2
8875 1
8876 2
8877 3
8878 0
8879 0
8880 0
8881 4
8882 1
8883 5
8884 4
8885 4
8886 4
8887 3
8888 0
8889 0
8890 5
8891 2
8892 2
8893 1
8894 3
8895 3
8896 2
8897 1
8898 0
8899 4
8900 4
8901 4
8902 1
8903 4
8904 0
8905 0
8906 3
8907 0
8908 2
8909 1
8910 3
8911 1
8912 3
8913 0
8914 1
8915 5
8916 0
8917 3
8918 1
8919 5
8920 0
8921 1
8922 3
8923 2
8924 4
8925 1
8926 5
8927 1
8928 1
8929 3
8930 1
8931 1
8932 2
8933 3
8934 2
8935 5
8936 4
8937 0
8938 1
8939 1
8940 0
8941 3
8942 0
8943 3
8944 2
8945 1
8946 4
8947 0
8948 2
8949 1
8950 1
8951 0
8952 1
8953 3
8954 2
8955 0
8956 3
8957 3
8958 0
8959 1
8960 3
8961 0
8962 1
8963 0
8964 3
8965 1
8966 3
8967 5
8968 2
8969 0
8970 3
8971 3
8972 1
8973 4
8974 1
8975 0
8976 3
8977 2
8978 5
8979 2
8980 2
8981 3
8982 4
8983 0
8984 1
8985 1
8986 0
8987 1
8988 0
8989 1
8990 3
8991 3
8992 1
8993 0
8994 2
8995 3
8996 0
8997 0
8998 3
8999 3
9000 2
9001 4
9002 4
9003 0
9004 3
9005 6
9006 2
9007 3
9008 5
9009 3
9010 2
9011 0
9012 1
9013 2
9014 3
9015 0
9016 0
9017 4
9018 3
9019 0
9020 4
9021 2
9022 3
9023 1
9024 3
9025 2
9026 3
9027 4
9028 2
9029 2
9030 2
9031 2
9032 4
9033 1
9034 1
9035 4
9036 3
9037 4
9038 3
9039 0
9040 4
9041 4
9042 2
9043 0
9044 3
9045 1
9046 3
9047 4
9048 5
9049 2
9050 6
9051 2
9052 3
9053 3
9054 0
9055 0
9056 2
9057 4
9058 2
9059 3
9060 3
9061 4
9062 2
9063 3
9064 4
9065 1
9066 5
9067 0
9068 2
9069 2
9070 5
9071 3
9072 3
9073 0
9074 2
9075 2
9076 3
9077 2
9078 0
9079 0
9080 3
9081 2
9082 3
9083 4
9084 3
9085 0
9086 3
9087 4
9088 1
9089 2
9090 4
9091 2
9092 1
9093 4
9094 2
9095 5
9096 2
9097 3
9098 2
9099 4
9100 0
9101 1
9102 4
9103 1
9104 0
9105 3
9106 0
9107 3
9108 2
9109 0
9110 2
9111 4
9112 2
9113 2
9114 3
9115 3
9116 4
9117 4
9118 1
9119 1
9120 1
9121 4
9122 3
9123 2
9124 1
9125 0
9126 5
9127 5
9128 3
9129 0
9130 1
9131 1
9132 0
9133 3
9134 3
9135 0
9136 1
9137 1
9138 1
9139 2
9140 1
9141 0
9142 3
9143 0
9144 4
9145 4
9146 0
9147 3
9148 1
9149 0
9150 1
9151 4
9152 3
9153 2
9154 2
9155 0
9156 3
9157 0
9158 2
9159 4
9160 4
9161 0
9162 1
9163 3
9164 3
9165 0
9166 1
9167 1
9168 0
9169 2
9170 3
9171 1
9172 0
9173 0
9174 0
9175 3
9176 1
9177 2
9178 3
9179 3
9180 4
9181 4
9182 4
9183 2
9184 0
9185 2
9186 5
9187 1
9188 0
9189 4
9190 1
9191 0
9192 1
9193 2
9194 4
9195 1
9196 2
9197 2
9198 2
9199 0
9200 2
9201 5
9202 0
9203 3
9204 4
9205 4
9206 1
9207 3
9208 2
9209 2
9210 1
9211 4
9212 2
9213 3
9214 0
9215 0
9216 3
9217 0
9218 1
9219 2
9220 3
9221 4
9222 4
9223 2
9224 0
9225 1
9226 3
9227 4
9228 2
9229 0
9230 4
9231 2
9232 4
9233 6
9234 1
9235 1
9236 2
9237 3
9238 1
9239 2
9240 2
9241 4
9242 3
9243 5
9244 3
9245 0
9246 2
9247 1
9248 3
9249 0
9250 4
9251 0
9252 3
9253 0
9254 3
9255 1
9256 1
9257 4
9258 3
9259 2
9260 4
9261 1
9262 2
9263 3
9264 3
9265 2
9266 2
9267 2
9268 5
9269 5
9270 0
9271 4
9272 0
9273 1
9274 4
9275 0
9276 1
9277 0
9278 4
9279 4
9280 1
9281 0
9282 3
9283 2
9284 1
9285 2
9286 1
9287 1
9288 0
9289 0
9290 4
9291 3
9292 2
9293 2
9294 1
9295 3
9296 4
9297 4
9298 1
9299 4
9300 0
9301 5
9302 4
9303 3
9304 1
9305 3
9306 2
9307 3
9308 4
9309 2
9310 1
9311 3
9312 2
9313 1
9314 3
9315 3
9316 1
9317 2
9318 3
9319 1
9320 2
9321 2
9322 1
9323 4
9324 5
9325 3
9326 2
9327 1
9328 3
9329 2
9330 2
9331 1
9332 5
9333 1
9334 0
9335 3
9336 0
9337 2
9338 3
9339 0
9340 1
9341 1
9342 2
9343 1
9344 3
9345 2
9346 1
9347 1
9348 0
9349 0
9350 4
9351 1
9352 4
9353 5
9354 5
9355 0
9356 1
9357 2
9358 2
9359 5
9360 1
9361 2
9362 1
9363 3
9364 5
9365 0
9366 3
9367 0
9368 4
9369 2
9370 2
9371 1
9372 3
9373 4
9374 4
9375 4
9376 2
9377 1
9378 3
9379 0
9380 1
9381 3
9382 4
9383 3
9384 4
9385 2
9386 6
9387 3
9388 0
9389 5
9390 3
9391 4
9392 1
9393 0
9394 3
9395 4
9396 1
9397 2
9398 3
9399 3
9400 2
9401 1
9402 1
9403 3
9404 1
9405 1
9406 2
9407 4
9408 2
9409 5
9410 3
9411 4
9412 0
9413 3
9414 5
9415 0
9416 1
9417 1
9418 1
9419 2
9420 5
9421 1
9422 2
9423 2
9424 1
9425 2
9426 5
9427 1
9428 3
9429 1
9430 5
9431 0
9432 0
9433 3
9434 3
9435 3
9436 3
9437 4
9438 0
9439 4
9440 3
9441 3
9442 4
9443 2
9444 2
9445 4
9446 3
9447 2
9448 0
9449 4
9450 2
9451 2
9452 3
9453 0
9454 1
9455 3
9456 2
9457 1
9458 3
9459 4
9460 0
9461 1
9462 3
9463 3
9464 2
9465 2
9466 5
9467 1
9468 0
9469 2
9470 3
9471 3
9472 0
9473 4
9474 2
9475 3
9476 3
9477 2
9478 2
9479 2
9480 4
9481 1
9482 5
9483 0
9484 3
9485 0
9486 3
9487 4
9488 1
9489 1
9490 1
9491 3
9492 4
9493 4
9494 0
9495 3
9496 0
9497 4
9498 3
9499 2
9500 1
9501 3
9502 2
9503 0
9504 1
9505 3
9506 0
9507 1
9508 2
9509 1
9510 2
9511 0
9512 2
9513 3
9514 1
9515 3
9516 3
9517 2
9518 0
9519 3
9520 2
9521 4
9522 4
9523 3
9524 1
9525 1
9526 3
9527 4
9528 1
9529 1
9530 1
9531 4
9532 3
9533 3
9534 0
9535 3
9536 3
9537 0
9538 5
9539 3
9540 3
9541 4
9542 0
9543 0
9544 2
9545 4
9546 1
9547 3
9548 0
9549 3
9550 0
9551 2
9552 3
9553 0
9554 1
9555 0
9556 1
9557 1
9558 5
9559 4
9560 0
9561 4
9562 0
9563 0
9564 1
9565 5
9566 3
9567 0
9568 1
9569 0
9570 3
9571 3
9572 5
9573 4
9574 2
9575 2
9576 3
9577 3
9578 1
9579 3
9580 5
9581 4
9582 3
9583 0
9584 4
9585 1
9586 3
9587 3
9588 4
9589 2
9590 2
9591 2
9592 3
9593 0
9594 0
9595 2
9596 3
9597 2
9598 4
9599 2
9600 0
9601 0
9602 0
9603 2
9604 5
9605 4
9606 3
9607 1
9608 3
9609 3
9610 2
9611 5
9612 1
9613 0
9614 3
9615 1
9616 3
9617 5
9618 3
9619 3
9620 4
9621 4
9622 5
9623 3
9624 2
9625 2
9626 3
9627 1
9628 1
9629 0
9630 5
9631 2
9632 4
9633 4
9634 3
9635 0
9636 2
9637 1
9638 1
9639 3
9640 1
9641 4
9642 0
9643 0
9644 3
9645 2
9646 3
9647 3
9648 2
9649 4
9650 5
9651 3
9652 2
9653 1
9654 1
9655 0
9656 2
9657 2
9658 0
9659 0
9660 1
9661 1
9662 2
9663 4
9664 0
9665 3
9666 1
9667 0
9668 3
9669 3
9670 2
9671 3
9672 0
9673 1
9674 0
9675 3
9676 3
9677 5
9678 0
9679 3
9680 3
9681 3
9682 3
9683 2
9684 5
9685 3
9686 2
9687 3
9688 3
9689 0
9690 0
9691 1
9692 0
9693 0
9694 2
9695 1
9696 0
9697 4
9698 0
9699 4
9700 5
9701 4
9702 3
9703 4
9704 2
9705 4
9706 2
9707 0
9708 3
9709 1
9710 2
9711 1
9712 0
9713 0
9714 3
9715 3
9716 2
9717 4
9718 1
9719 4
9720 0
9721 5
9722 2
9723 2
9724 2
9725 2
9726 2
9727 3
9728 3
9729 1
9730 0
9731 3
9732 1
9733 4
9734 1
9735 4
9736 3
9737 1
9738 0
9739 5
9740 4
9741 3
9742 3
9743 0
9744 0
9745 2
9746 0
9747 2
9748 0
9749 4
9750 0
9751 0
9752 5
9753 3
9754 1
9755 2
9756 0
9757 1
9758 2
9759 3
9760 2
9761 5
9762 0
9763 4
9764 4
9765 4
9766 1
9767 2
9768 3
9769 1
9770 3
9771 2
9772 3
9773 5
9774 5
9775 3
9776 4
9777 4
9778 1
9779 3
9780 2
9781 1
9782 1
9783 2
9784 1
9785 3
9786 1
9787 0
9788 2
9789 4
9790 3
9791 5
9792 0
9793 0
9794 1
9795 4
9796 0
9797 3
9798 3
9799 2
9800 2
9801 2
9802 3
9803 1
9804 3
9805 2
9806 3
9807 3
9808 3
9809 4
9810 3
9811 0
9812 2
9813 1
9814 1
9815 0
9816 2
9817 0
9818 3
9819 0
9820 6
9821 4
9822 1
9823 2
9824 0
9825 0
9826 0
9827 0
9828 0
9829 4
9830 4
9831 2
9832 1
9833 4
9834 3
9835 2
9836 4
9837 2
9838 2
9839 2
9840 2
9841 1
9842 3
9843 1
9844 1
9845 1
9846 0
9847 0
9848 0
9849 0
9850 0
9851 2
9852 2
9853 3
9854 4
9855 1
9856 2
9857 3
9858 3
9859 4
9860 3
9861 0
9862 6
9863 0
9864 1
9865 4
9866 3
9867 1
9868 1
9869 1
9870 2
9871 2
9872 1
9873 2
9874 3
9875 0
9876 3
9877 2
9878 3
9879 3
9880 2
9881 4
9882 4
9883 5
9884 3
9885 1
9886 0
9887 3
9888 4
9889 2
9890 2
9891 3
9892 1
9893 0
9894 1
9895 3
9896 0
9897 1
9898 3
9899 5
9900 4
9901 4
9902 2
9903 1
9904 1
9905 0
9906 2
9907 0
9908 1
9909 4
9910 1
9911 3
9912 0
9913 4
9914 1
9915 2
9916 3
9917 3
9918 1
9919 4
9920 4
9921 0
9922 3
9923 3
9924 3
9925 3
9926 2
9927 2
9928 4
9929 2
9930 2
9931 4
9932 4
9933 0
9934 0
9935 4
9936 2
9937 0
9938 2
9939 3
9940 3
9941 5
9942 2
9943 2
9944 4
9945 3
9946 1
9947 1
9948 1
9949 1
9950 2
9951 1
9952 5
9953 2
9954 0
9955 3
9956 2
9957 2
9958 0
9959 0
9960 1
9961 0
9962 0
9963 3
9964 2
9965 1
9966 3
9967 3
9968 1
9969 1
9970 3
9971 5
9972 4
9973 3
9974 4
9975 3
9976 0
9977 1
9978 1
9979 0
9980 2
9981 5
9982 4
9983 4
9984 4
9985 3
9986 2
9987 2
9988 2
9989 2
9990 0
9991 2
9992 2
9993 3
9994 2
9995 0
9996 4
9997 4
9998 2
9999 0
Colors used: 7
Execution time: 200.711 ms
